  0.0000000e+000  3.5000000e+002  0.0000000e+000
  1.0000000e+001  7.5001690e+001  0.0000000e+000
  2.0000000e+001  7.5000000e+001  0.0000000e+000
  3.0000000e+001  7.5000000e+001  0.0000000e+000
  4.0000000e+001  7.5000000e+001  0.0000000e+000
  5.0000000e+001  7.5000000e+001  0.0000000e+000
  6.0000000e+001  7.5000000e+001  0.0000000e+000
  7.0000000e+001  7.5000000e+001  0.0000000e+000
  8.0000000e+001  7.5000000e+001  0.0000000e+000
  9.0000000e+001  7.5000000e+001  0.0000000e+000
  1.0000000e+002  1.6036406e+002  0.0000000e+000
  1.1000000e+002  2.0096087e+002  0.0000000e+000
  1.2000000e+002  2.1565780e+002  0.0000000e+000
  1.3000000e+002  3.6060047e+002  0.0000000e+000
  1.4000000e+002  2.6022739e+002  0.0000000e+000
  1.5000000e+002  2.7925866e+002  0.0000000e+000
  1.6000000e+002  2.1516885e+002  0.0000000e+000
  1.7000000e+002  2.9949942e+002  0.0000000e+000
  1.8000000e+002  2.7271651e+002  0.0000000e+000
  1.9000000e+002  3.1158095e+002  0.0000000e+000
  2.0000000e+002  3.3847636e+002  0.0000000e+000
  2.1000000e+002  3.4847104e+002  0.0000000e+000
  2.2000000e+002  1.7445412e+002  0.0000000e+000
  2.3000000e+002  7.5033218e+001  0.0000000e+000
  2.4000000e+002  7.5000000e+001  0.0000000e+000
  2.5000000e+002  7.5000000e+001  0.0000000e+000
  2.6000000e+002  7.5000000e+001  0.0000000e+000
  2.7000000e+002  7.5000000e+001  0.0000000e+000
  2.8000000e+002  2.5670827e+002  0.0000000e+000
  2.9000000e+002  3.5594683e+002  0.0000000e+000
  3.0000000e+002  3.9277084e+002  0.0000000e+000
  3.1000000e+002  2.5498713e+002  0.0000000e+000
  3.2000000e+002  1.6521684e+002  0.0000000e+000
  3.3000000e+002  1.3188072e+002  0.0000000e+000
  3.4000000e+002  2.1726696e+002  0.0000000e+000
  3.5000000e+002  2.7389797e+002  0.0000000e+000
  3.6000000e+002  2.9493234e+002  0.0000000e+000
  3.7000000e+002  2.2741489e+002  0.0000000e+000
  3.8000000e+002  1.8314111e+002  0.0000000e+000
  3.9000000e+002  1.6669880e+002  0.0000000e+000
  4.0000000e+002  1.7866905e+002  0.0000000e+000
  4.1000000e+002  1.8772644e+002  0.0000000e+000
  4.2000000e+002  1.9109556e+002  0.0000000e+000
  4.3000000e+002  7.8534584e+001  0.0000000e+000
  4.4000000e+002  7.5000022e+001  0.0000000e+000
  4.5000000e+002  7.5000000e+001  0.0000000e+000
  4.6000000e+002  7.5000000e+001  0.0000000e+000
  4.7000000e+002  7.5000000e+001  0.0000000e+000
  4.8000000e+002  7.5000000e+001  0.0000000e+000
  4.9000000e+002  1.9149693e+002  0.0000000e+000
  5.0000000e+002  3.0577860e+002  0.0000000e+000
  5.1000000e+002  3.4786379e+002  0.0000000e+000
  5.2000000e+002  2.8069980e+002  0.0000000e+000
  5.3000000e+002  2.3464706e+002  0.0000000e+000
  5.4000000e+002  2.1753510e+002  0.0000000e+000
  5.5000000e+002  1.5069930e+002  0.0000000e+000
  5.6000000e+002  1.1047711e+002  0.0000000e+000
  5.7000000e+002  7.5000407e+001  0.0000000e+000
  5.8000000e+002  7.5000000e+001  0.0000000e+000
  5.9000000e+002  7.5000000e+001  0.0000000e+000
  6.0000000e+002  7.5000000e+001  0.0000000e+000
  6.1000000e+002  2.2287464e+002  0.0000000e+000
  6.2000000e+002  3.0468299e+002  0.0000000e+000
  6.3000000e+002  3.3503240e+002  0.0000000e+000
  6.4000000e+002  2.7250133e+002  0.0000000e+000
  6.5000000e+002  2.3046457e+002  0.0000000e+000
  6.6000000e+002  2.1484843e+002  0.0000000e+000
  6.7000000e+002  2.5484080e+002  0.0000000e+000
  6.8000000e+002  2.8136532e+002  0.0000000e+000
  6.9000000e+002  2.9121728e+002  0.0000000e+000
  7.0000000e+002  2.8546526e+002  0.0000000e+000
  7.1000000e+002  2.8092755e+002  0.0000000e+000
  7.2000000e+002  2.7923892e+002  0.0000000e+000
  7.3000000e+002  3.0748285e+002  0.0000000e+000
  7.4000000e+002  3.2532783e+002  0.0000000e+000
  7.5000000e+002  3.3195205e+002  0.0000000e+000
  7.6000000e+002  3.0582958e+002  0.0000000e+000
  7.7000000e+002  2.8884394e+002  0.0000000e+000
  7.8000000e+002  2.8253649e+002  0.0000000e+000
  7.9000000e+002  1.4037111e+002  0.0000000e+000
  8.0000000e+002  7.5002377e+001  0.0000000e+000
  8.1000000e+002  7.5000000e+001  0.0000000e+000
  8.2000000e+002  1.2653668e+002  0.0000000e+000
  8.3000000e+002  2.2671071e+002  0.0000000e+000
  8.4000000e+002  2.5710203e+002  0.0000000e+000
  8.5000000e+002  3.2850718e+002  0.0000000e+000
  8.6000000e+002  3.7032859e+002  0.0000000e+000
  8.7000000e+002  3.8583778e+002  0.0000000e+000
  8.8000000e+002  3.5970977e+002  0.0000000e+000
  8.9000000e+002  3.4187642e+002  0.0000000e+000
  9.0000000e+002  3.3525037e+002  0.0000000e+000
  9.1000000e+002  2.0928622e+002  0.0000000e+000
  9.2000000e+002  1.3104528e+002  0.0000000e+000
  9.3000000e+002  7.5456608e+001  0.0000000e+000
  9.4000000e+002  3.6233051e+002  0.0000000e+000
  9.5000000e+002  3.2922310e+002  0.0000000e+000
  9.6000000e+002  3.7146924e+002  0.0000000e+000
  9.7000000e+002  3.8271669e+002  0.0000000e+000
  9.8000000e+002  3.8574434e+002  0.0000000e+000
  9.9000000e+002  3.8684931e+002  0.0000000e+000
  1.0000000e+003  3.1816400e+002  0.0000000e+000
  1.0100000e+003  3.4300813e+002  0.0000000e+000
  1.0200000e+003  3.5238317e+002  0.0000000e+000
  1.0300000e+003  3.0386465e+002  0.0000000e+000
  1.0400000e+003  2.7259468e+002  0.0000000e+000
  1.0500000e+003  2.6098413e+002  0.0000000e+000
  1.0600000e+003  2.8862213e+002  0.0000000e+000
  1.0700000e+003  3.0703050e+002  0.0000000e+000
  1.0800000e+003  3.1386824e+002  0.0000000e+000
  1.0900000e+003  3.7855760e+002  0.0000000e+000
  1.1000000e+003  3.7297637e+002  0.0000000e+000
  1.1100000e+003  3.6769330e+002  0.0000000e+000
  1.1200000e+003  3.6474190e+002  0.0000000e+000
  1.1300000e+003  3.6170117e+002  0.0000000e+000
  1.1400000e+003  3.6056696e+002  0.0000000e+000
  1.1500000e+003  3.2931901e+002  0.0000000e+000
  1.1600000e+003  3.0986135e+002  0.0000000e+000
  1.1700000e+003  3.0263983e+002  0.0000000e+000
  1.1800000e+003  2.3659293e+002  0.0000000e+000
  1.1900000e+003  1.9592486e+002  0.0000000e+000
  1.2000000e+003  2.1304618e+002  0.0000000e+000
  1.2100000e+003  2.5997041e+002  0.0000000e+000
  1.2200000e+003  2.9103786e+002  0.0000000e+000
  1.2300000e+003  3.0257697e+002  0.0000000e+000
  1.2400000e+003  3.2051045e+002  0.0000000e+000
  1.2500000e+003  3.3064274e+002  0.0000000e+000
  1.2600000e+003  3.3439838e+002  0.0000000e+000
  1.2700000e+003  2.9159495e+002  0.0000000e+000
  1.2800000e+003  2.6443737e+002  0.0000000e+000
  1.2900000e+003  2.5435571e+002  0.0000000e+000
  1.3000000e+003  2.6445917e+002  0.0000000e+000
  1.3100000e+003  2.7174329e+002  0.0000000e+000
  1.3200000e+003  2.7445139e+002  0.0000000e+000
  1.3300000e+003  3.2257557e+002  0.0000000e+000
  1.3400000e+003  3.5245046e+002  0.0000000e+000
  1.3500000e+003  3.6353782e+002  0.0000000e+000
  1.3600000e+003  4.0363824e+002  0.0000000e+000
  1.3700000e+003  3.6305909e+002  0.0000000e+000
  1.3800000e+003  3.7059144e+002  0.0000000e+000
  1.3900000e+003  2.0985791e+002  0.0000000e+000
  1.4000000e+003  2.1303738e+002  0.0000000e+000
  1.4100000e+003  1.6816446e+002  0.0000000e+000
  1.4200000e+003  2.7754117e+002  0.0000000e+000
  1.4300000e+003  3.6001322e+002  0.0000000e+000
  1.4400000e+003  4.0014177e+002  0.0000000e+000
  1.4500000e+003  3.2804473e+002  0.0000000e+000
  1.4600000e+003  3.9234088e+002  0.0000000e+000
  1.4700000e+003  3.6043971e+002  0.0000000e+000
  1.4800000e+003  3.4759719e+002  0.0000000e+000
  1.4900000e+003  3.3759017e+002  0.0000000e+000
  1.5000000e+003  3.3386410e+002  0.0000000e+000
  1.5100000e+003  2.8711428e+002  0.0000000e+000
  1.5200000e+003  2.5819667e+002  0.0000000e+000
  1.5300000e+003  2.4746507e+002  0.0000000e+000
  1.5400000e+003  2.7998594e+002  0.0000000e+000
  1.5500000e+003  3.0136813e+002  0.0000000e+000
  1.5600000e+003  3.0930926e+002  0.0000000e+000
  1.5700000e+003  2.3817969e+002  0.0000000e+000
  1.5800000e+003  1.9288838e+002  0.0000000e+000
  1.5900000e+003  2.0744325e+002  0.0000000e+000
  1.6000000e+003  1.9741904e+002  0.0000000e+000
  1.6100000e+003  1.9302458e+002  0.0000000e+000
  1.6200000e+003  1.9140232e+002  0.0000000e+000
  1.6300000e+003  2.7473754e+002  0.0000000e+000
  1.6400000e+003  3.2707077e+002  0.0000000e+000
  1.6500000e+003  3.4649585e+002  0.0000000e+000
  1.6600000e+003  3.9577737e+002  0.0000000e+000
  1.6700000e+003  3.6095931e+002  0.0000000e+000
  1.6800000e+003  3.6968444e+002  0.0000000e+000
  1.6900000e+003  3.6024956e+002  0.0000000e+000
  1.7000000e+003  3.5347430e+002  0.0000000e+000
  1.7100000e+003  3.5095549e+002  0.0000000e+000
  1.7200000e+003  2.8315214e+002  0.0000000e+000
  1.7300000e+003  2.4093744e+002  0.0000000e+000
  1.7400000e+003  2.2526988e+002  0.0000000e+000
  1.7500000e+003  2.9360953e+002  0.0000000e+000
  1.7600000e+003  3.3788814e+002  0.0000000e+000
  1.7700000e+003  3.5432986e+002  0.0000000e+000
  1.7800000e+003  3.0008558e+002  0.0000000e+000
  1.7900000e+003  2.6455900e+002  0.0000000e+000
  1.8000000e+003  2.5136540e+002  0.0000000e+000
  1.8100000e+003  2.1177055e+002  0.0000000e+000
  1.8200000e+003  2.3529761e+002  0.0000000e+000
  1.8300000e+003  2.1041875e+002  0.0000000e+000
  1.8400000e+003  2.1108080e+002  0.0000000e+000
  1.8500000e+003  2.1386443e+002  0.0000000e+000
  1.8600000e+003  2.1490871e+002  0.0000000e+000
  1.8700000e+003  2.0942158e+002  0.0000000e+000
  1.8800000e+003  2.0588664e+002  0.0000000e+000
  1.8900000e+003  2.0457413e+002  0.0000000e+000
  1.9000000e+003  2.1821334e+002  0.0000000e+000
  1.9100000e+003  2.2687804e+002  0.0000000e+000
  1.9200000e+003  2.3009467e+002  0.0000000e+000
  1.9300000e+003  2.5825486e+002  0.0000000e+000
  1.9400000e+003  2.7558129e+002  0.0000000e+000
  1.9500000e+003  2.8201085e+002  0.0000000e+000
  1.9600000e+003  2.2750317e+002  0.0000000e+000
  1.9700000e+003  1.9276306e+002  0.0000000e+000
  1.9800000e+003  3.0186500e+002  0.0000000e+000
  1.9900000e+003  3.7700018e+002  0.0000000e+000
  2.0000000e+003  2.5795362e+002  0.0000000e+000
  2.0100000e+003  2.6474644e+002  0.0000000e+000
  2.0200000e+003  2.9607421e+002  0.0000000e+000
  2.0300000e+003  3.1465734e+002  0.0000000e+000
  2.0400000e+003  3.2154994e+002  0.0000000e+000
  2.0500000e+003  2.8970442e+002  0.0000000e+000
  2.0600000e+003  2.6910988e+002  0.0000000e+000
  2.0700000e+003  2.6146280e+002  0.0000000e+000
  2.0800000e+003  2.7799606e+002  0.0000000e+000
  2.0900000e+003  2.8907476e+002  0.0000000e+000
  2.1000000e+003  2.9319021e+002  0.0000000e+000
  2.1100000e+003  2.6827819e+002  0.0000000e+000
  2.1200000e+003  2.5228884e+002  0.0000000e+000
  2.1300000e+003  2.4635230e+002  0.0000000e+000
  2.1400000e+003  3.1659995e+002  0.0000000e+000
  2.1500000e+003  3.6114857e+002  0.0000000e+000
  2.1600000e+003  3.7768618e+002  0.0000000e+000
  2.1700000e+003  3.4549556e+002  0.0000000e+000
  2.1800000e+003  3.2376845e+002  0.0000000e+000
  2.1900000e+003  3.1569672e+002  0.0000000e+000
  2.2000000e+003  2.1695304e+002  0.0000000e+000
  2.2100000e+003  2.6161697e+002  0.0000000e+000
  2.2200000e+003  2.2360846e+002  0.0000000e+000
  2.2300000e+003  3.1815872e+002  0.0000000e+000
  2.2400000e+003  3.8097367e+002  0.0000000e+000
  2.2500000e+003  4.0430540e+002  0.0000000e+000
  2.2600000e+003  3.0471410e+002  0.0000000e+000
  2.2700000e+003  2.4013945e+002  0.0000000e+000
  2.2800000e+003  2.1616111e+002  0.0000000e+000
  2.2900000e+003  3.7381739e+002  0.0000000e+000
  2.3000000e+003  2.8292801e+002  0.0000000e+000
  2.3100000e+003  3.0524884e+002  0.0000000e+000
  2.3200000e+003  2.9130860e+002  0.0000000e+000
  2.3300000e+003  2.8045722e+002  0.0000000e+000
  2.3400000e+003  2.7641960e+002  0.0000000e+000
  2.3500000e+003  2.8349624e+002  0.0000000e+000
  2.3600000e+003  2.8831085e+002  0.0000000e+000
  2.3700000e+003  2.9009967e+002  0.0000000e+000
  2.3800000e+003  2.9897046e+002  0.0000000e+000
  2.3900000e+003  3.0435479e+002  0.0000000e+000
  2.4000000e+003  3.0635248e+002  0.0000000e+000
  2.4100000e+003  3.3780299e+002  0.0000000e+000
  2.4200000e+003  3.5730543e+002  0.0000000e+000
  2.4300000e+003  3.6454320e+002  0.0000000e+000
  2.4400000e+003  2.9472026e+002  0.0000000e+000
  2.4500000e+003  2.5031393e+002  0.0000000e+000
  2.4600000e+003  2.3382857e+002  0.0000000e+000
  2.4700000e+003  2.3415084e+002  0.0000000e+000
  2.4800000e+003  2.3591910e+002  0.0000000e+000
  2.4900000e+003  2.3658275e+002  0.0000000e+000
  2.5000000e+003  2.6317029e+002  0.0000000e+000
  2.5100000e+003  2.7975460e+002  0.0000000e+000
  2.5200000e+003  2.8590985e+002  0.0000000e+000
  2.5300000e+003  3.0084025e+002  0.0000000e+000
  2.5400000e+003  3.0960381e+002  0.0000000e+000
  2.5500000e+003  3.1285381e+002  0.0000000e+000
  2.5600000e+003  2.4083649e+002  0.0000000e+000
  2.5700000e+003  1.9543510e+002  0.0000000e+000
  2.5800000e+003  2.9970247e+002  0.0000000e+000
  2.5900000e+003  3.2249646e+002  0.0000000e+000
  2.6000000e+003  3.3944630e+002  0.0000000e+000
  2.6100000e+003  3.4575010e+002  0.0000000e+000
  2.6200000e+003  3.8269762e+002  0.0000000e+000
  2.6300000e+003  4.0523273e+002  0.0000000e+000
  2.6400000e+003  4.1359421e+002  0.0000000e+000
  2.6500000e+003  2.6858437e+002  0.0000000e+000
  2.6600000e+003  3.0097630e+002  0.0000000e+000
  2.6700000e+003  2.4738159e+002  0.0000000e+000
  2.6800000e+003  3.4455598e+002  0.0000000e+000
  2.6900000e+003  2.8220368e+002  0.0000000e+000
  2.7000000e+003  3.1070888e+002  0.0000000e+000
  2.7100000e+003  2.4480851e+002  0.0000000e+000
  2.7200000e+003  2.0082920e+002  0.0000000e+000
  2.7300000e+003  3.0844855e+002  0.0000000e+000
  2.7400000e+003  2.8038577e+002  0.0000000e+000
  2.7500000e+003  3.0024637e+002  0.0000000e+000
  2.7600000e+003  3.1715080e+002  0.0000000e+000
  2.7700000e+003  2.5551934e+002  0.0000000e+000
  2.7800000e+003  2.1532341e+002  0.0000000e+000
  2.7900000e+003  2.0039650e+002  0.0000000e+000
  2.8000000e+003  2.4461435e+002  0.0000000e+000
  2.8100000e+003  2.7371909e+002  0.0000000e+000
  2.8200000e+003  2.8452844e+002  0.0000000e+000
  2.8300000e+003  2.9499724e+002  0.0000000e+000
  2.8400000e+003  3.0052499e+002  0.0000000e+000
  2.8500000e+003  3.0257190e+002  0.0000000e+000
  2.8600000e+003  2.6847370e+002  0.0000000e+000
  2.8700000e+003  2.4692914e+002  0.0000000e+000
  2.8800000e+003  2.3893160e+002  0.0000000e+000
  2.8900000e+003  2.6181874e+002  0.0000000e+000
  2.9000000e+003  2.7690912e+002  0.0000000e+000
  2.9100000e+003  2.8251372e+002  0.0000000e+000
  2.9200000e+003  2.6044541e+002  0.0000000e+000
  2.9300000e+003  2.4609510e+002  0.0000000e+000
  2.9400000e+003  2.4076625e+002  0.0000000e+000
  2.9500000e+003  2.6264565e+002  0.0000000e+000
  2.9600000e+003  2.7685147e+002  0.0000000e+000
  2.9700000e+003  2.8212657e+002  0.0000000e+000
  2.9800000e+003  2.2630417e+002  0.0000000e+000
  2.9900000e+003  1.9085056e+002  0.0000000e+000
  3.0000000e+003  2.9821749e+002  0.0000000e+000
  3.0100000e+003  3.1157882e+002  0.0000000e+000
  3.0200000e+003  3.2204264e+002  0.0000000e+000
  3.0300000e+003  3.2593630e+002  0.0000000e+000
  3.0400000e+003  2.7271065e+002  0.0000000e+000
  3.0500000e+003  3.1685961e+002  0.0000000e+000
  3.0600000e+003  3.3433770e+002  0.0000000e+000
  3.0700000e+003  2.6994417e+002  0.0000000e+000
  3.0800000e+003  2.2796433e+002  0.0000000e+000
  3.0900000e+003  2.1237503e+002  0.0000000e+000
  3.1000000e+003  2.3662615e+002  0.0000000e+000
  3.1100000e+003  2.5329196e+002  0.0000000e+000
  3.1200000e+003  2.5948469e+002  0.0000000e+000
  3.1300000e+003  1.9796731e+002  0.0000000e+000
  3.1400000e+003  2.6661679e+002  0.0000000e+000
  3.1500000e+003  2.4225370e+002  0.0000000e+000
  3.1600000e+003  3.0287043e+002  0.0000000e+000
  3.1700000e+003  3.4313995e+002  0.0000000e+000
  3.1800000e+003  3.5809750e+002  0.0000000e+000
  3.1900000e+003  3.4192823e+002  0.0000000e+000
  3.2000000e+003  3.3038277e+002  0.0000000e+000
  3.2100000e+003  3.2609083e+002  0.0000000e+000
  3.2200000e+003  3.5433235e+002  0.0000000e+000
  3.2300000e+003  3.7242320e+002  0.0000000e+000
  3.2400000e+003  3.7913983e+002  0.0000000e+000
  3.2500000e+003  2.7112943e+002  0.0000000e+000
  3.2600000e+003  2.9839690e+002  0.0000000e+000
  3.2700000e+003  3.0866868e+002  0.0000000e+000
  3.2800000e+003  3.1249442e+002  0.0000000e+000
  3.2900000e+003  3.1391380e+002  0.0000000e+000
  3.3000000e+003  3.1443606e+002  0.0000000e+000
  3.3100000e+003  3.2135078e+002  0.0000000e+000
  3.3200000e+003  3.2563071e+002  0.0000000e+000
  3.3300000e+003  3.2721904e+002  0.0000000e+000
  3.3400000e+003  2.9245291e+002  0.0000000e+000
  3.3500000e+003  2.7053368e+002  0.0000000e+000
  3.3600000e+003  2.6239729e+002  0.0000000e+000
  3.3700000e+003  2.7130276e+002  0.0000000e+000
  3.3800000e+003  2.7765192e+002  0.0000000e+000
  3.3900000e+003  2.8001214e+002  0.0000000e+000
  3.4000000e+003  2.2649662e+002  0.0000000e+000
  3.4100000e+003  1.9276441e+002  0.0000000e+000
  3.4200000e+003  3.0249719e+002  0.0000000e+000
  3.4300000e+003  3.3026612e+002  0.0000000e+000
  3.4400000e+003  3.4964465e+002  0.0000000e+000
  3.4500000e+003  3.5684667e+002  0.0000000e+000
  3.4600000e+003  2.7518844e+002  0.0000000e+000
  3.4700000e+003  3.1267077e+002  0.0000000e+000
  3.4800000e+003  3.2687446e+002  0.0000000e+000
  3.4900000e+003  3.1910052e+002  0.0000000e+000
  3.5000000e+003  3.1288332e+002  0.0000000e+000
  3.5100000e+003  3.1056939e+002  0.0000000e+000
  3.5200000e+003  2.9362943e+002  0.0000000e+000
  3.5300000e+003  2.8324261e+002  0.0000000e+000
  3.5400000e+003  2.7938840e+002  0.0000000e+000
  3.5500000e+003  2.1899912e+002  0.0000000e+000
  3.5600000e+003  3.0238782e+002  0.0000000e+000
  3.5700000e+003  2.8138180e+002  0.0000000e+000
  3.5800000e+003  3.6507870e+002  0.0000000e+000
  3.5900000e+003  2.9234911e+002  0.0000000e+000
  3.6000000e+003  2.6215778e+002  0.0000000e+000
  3.6100000e+003  2.8592814e+002  0.0000000e+000
  3.6200000e+003  2.1239823e+002  0.0000000e+000
  3.6300000e+003  3.0987752e+002  0.0000000e+000
  3.6400000e+003  2.2557053e+002  0.0000000e+000
  3.6500000e+003  1.7787465e+002  0.0000000e+000
  3.6600000e+003  1.6019691e+002  0.0000000e+000
  3.6700000e+003  2.0968731e+002  0.0000000e+000
  3.6800000e+003  2.4235471e+002  0.0000000e+000
  3.6900000e+003  2.5448763e+002  0.0000000e+000
  3.7000000e+003  2.6718016e+002  0.0000000e+000
  3.7100000e+003  3.2220771e+002  0.0000000e+000
  3.7200000e+003  3.4707767e+002  0.0000000e+000
  3.7300000e+003  2.1590588e+002  0.0000000e+000
  3.7400000e+003  2.2733643e+002  0.0000000e+000
  3.7500000e+003  1.7306722e+002  0.0000000e+000
  3.7600000e+003  7.5543408e+001  0.0000000e+000
  3.7700000e+003  7.5000003e+001  0.0000000e+000
  3.7800000e+003  7.5000000e+001  0.0000000e+000
  3.7900000e+003  7.5000000e+001  0.0000000e+000
  3.8000000e+003  7.5000000e+001  0.0000000e+000
  3.8100000e+003  7.5000000e+001  0.0000000e+000
  3.8200000e+003  7.5000000e+001  0.0000000e+000
  3.8300000e+003  7.5000000e+001  0.0000000e+000
  3.8400000e+003  7.5000000e+001  0.0000000e+000
  3.8500000e+003  7.5000000e+001  0.0000000e+000
  3.8600000e+003  7.5000000e+001  0.0000000e+000
  3.8700000e+003  7.5000000e+001  0.0000000e+000
  3.8800000e+003  7.5000000e+001  0.0000000e+000
  3.8900000e+003  7.5000000e+001  0.0000000e+000
  3.9000000e+003  7.5000000e+001  0.0000000e+000
  3.9100000e+003  2.8639689e+002  0.0000000e+000
  3.9200000e+003  2.5998922e+002  0.0000000e+000
  3.9300000e+003  2.9227480e+002  0.0000000e+000
  3.9400000e+003  2.5549639e+002  0.0000000e+000
  3.9500000e+003  2.2920907e+002  0.0000000e+000
  3.9600000e+003  2.1943683e+002  0.0000000e+000
  3.9700000e+003  2.0200305e+002  0.0000000e+000
  3.9800000e+003  1.9201575e+002  0.0000000e+000
  3.9900000e+003  2.6271687e+002  0.0000000e+000
  4.0000000e+003  3.0334176e+002  0.0000000e+000
  4.0100000e+003  2.8990059e+002  0.0000000e+000
  4.0200000e+003  2.8491438e+002  0.0000000e+000
  4.0300000e+003  1.4163591e+002  0.0000000e+000
  4.0400000e+003  7.5002673e+001  0.0000000e+000
  4.0500000e+003  7.5000000e+001  0.0000000e+000
  4.0600000e+003  2.5001612e+002  0.0000000e+000
  4.0700000e+003  3.9786063e+002  0.0000000e+000
  4.0800000e+003  2.6168149e+002  0.0000000e+000
  4.0900000e+003  1.9639832e+002  0.0000000e+000
  4.1000000e+003  2.6384735e+002  0.0000000e+000
  4.1100000e+003  2.3564527e+002  0.0000000e+000
  4.1200000e+003  1.5060711e+002  0.0000000e+000
  4.1300000e+003  7.5916448e+001  0.0000000e+000
  4.1400000e+003  7.5000006e+001  0.0000000e+000
  4.1500000e+003  7.5000000e+001  0.0000000e+000
  4.1600000e+003  7.5000000e+001  0.0000000e+000
  4.1700000e+003  7.5000000e+001  0.0000000e+000
  4.1800000e+003  7.5000000e+001  0.0000000e+000
  4.1900000e+003  1.8750221e+002  0.0000000e+000
  4.2000000e+003  2.1374536e+002  0.0000000e+000
  4.2100000e+003  3.8380913e+002  0.0000000e+000
  4.2200000e+003  2.8196952e+002  0.0000000e+000
  4.2300000e+003  3.0426845e+002  0.0000000e+000
  4.2400000e+003  2.3256271e+002  0.0000000e+000
  4.2500000e+003  3.0491544e+002  0.0000000e+000
  4.2600000e+003  2.9078676e+002  0.0000000e+000
  4.2700000e+003  3.1828793e+002  0.0000000e+000
  4.2800000e+003  3.3837773e+002  0.0000000e+000
  4.2900000e+003  3.4584783e+002  0.0000000e+000
  4.3000000e+003  2.6585197e+002  0.0000000e+000
  4.3100000e+003  2.1505391e+002  0.0000000e+000
  4.3200000e+003  1.9619604e+002  0.0000000e+000
  4.3300000e+003  2.8682317e+002  0.0000000e+000
  4.3400000e+003  3.4535990e+002  0.0000000e+000
  4.3500000e+003  3.6709518e+002  0.0000000e+000
  4.3600000e+003  1.8462955e+002  0.0000000e+000
  4.3700000e+003  7.5067674e+001  0.0000000e+000
  4.3800000e+003  7.5000000e+001  0.0000000e+000
  4.3900000e+003  1.9366733e+002  0.0000000e+000
  4.4000000e+003  3.0453288e+002  0.0000000e+000
  4.4100000e+003  3.4541907e+002  0.0000000e+000
  4.4200000e+003  3.2523595e+002  0.0000000e+000
  4.4300000e+003  3.0871348e+002  0.0000000e+000
  4.4400000e+003  3.0256270e+002  0.0000000e+000
  4.4500000e+003  2.4324809e+002  0.0000000e+000
  4.4600000e+003  2.0669362e+002  0.0000000e+000
  4.4700000e+003  1.9312856e+002  0.0000000e+000
  4.4800000e+003  2.1890538e+002  0.0000000e+000
  4.4900000e+003  2.3633413e+002  0.0000000e+000
  4.5000000e+003  2.4280913e+002  0.0000000e+000
  4.5100000e+003  3.5691878e+002  0.0000000e+000
  4.5200000e+003  2.4985171e+002  0.0000000e+000
  4.5300000e+003  2.6245055e+002  0.0000000e+000
  4.5400000e+003  1.9572826e+002  0.0000000e+000
  4.5500000e+003  2.6383616e+002  0.0000000e+000
  4.5600000e+003  2.3607277e+002  0.0000000e+000
  4.5700000e+003  2.9465839e+002  0.0000000e+000
  4.5800000e+003  3.3397917e+002  0.0000000e+000
  4.5900000e+003  3.4858609e+002  0.0000000e+000
  4.6000000e+003  1.7827314e+002  0.0000000e+000
  4.6100000e+003  7.5059408e+001  0.0000000e+000
  4.6200000e+003  7.5000000e+001  0.0000000e+000
  4.6300000e+003  2.1431922e+002  0.0000000e+000
  4.6400000e+003  3.3395736e+002  0.0000000e+000
  4.6500000e+003  3.7826475e+002  0.0000000e+000
  4.6600000e+003  2.5789416e+002  0.0000000e+000
  4.6700000e+003  2.7945243e+002  0.0000000e+000
  4.6800000e+003  2.8757516e+002  0.0000000e+000
  4.6900000e+003  2.8989810e+002  0.0000000e+000
  4.7000000e+003  1.9101805e+002  0.0000000e+000
  4.7100000e+003  1.4690533e+002  0.0000000e+000
  4.7200000e+003  7.5841203e+001  0.0000000e+000
  4.7300000e+003  7.5000005e+001  0.0000000e+000
  4.7400000e+003  7.5000000e+001  0.0000000e+000
  4.7500000e+003  7.5000000e+001  0.0000000e+000
  4.7600000e+003  7.5000000e+001  0.0000000e+000
  4.7700000e+003  7.5000000e+001  0.0000000e+000
  4.7800000e+003  1.9316581e+002  0.0000000e+000
  4.7900000e+003  2.7660531e+002  0.0000000e+000
  4.8000000e+003  3.0744358e+002  0.0000000e+000
  4.8100000e+003  2.0239575e+002  0.0000000e+000
  4.8200000e+003  1.3369131e+002  0.0000000e+000
  4.8300000e+003  9.8462216e+001  0.0000000e+000
  4.8400000e+003  1.4910147e+002  0.0000000e+000
  4.8500000e+003  1.8171531e+002  0.0000000e+000
  4.8600000e+003  1.9278989e+002  0.0000000e+000
  4.8700000e+003  7.9237916e+001  0.0000000e+000
  4.8800000e+003  7.5000026e+001  0.0000000e+000
  4.8900000e+003  7.5000000e+001  0.0000000e+000
  4.9000000e+003  1.9454661e+002  0.0000000e+000
  4.9100000e+003  3.1151722e+002  0.0000000e+000
  4.9200000e+003  3.5465377e+002  0.0000000e+000
  4.9300000e+003  2.2676137e+002  0.0000000e+000
  4.9400000e+003  1.4258453e+002  0.0000000e+000
  4.9500000e+003  1.1132170e+002  0.0000000e+000
  4.9600000e+003  2.3100348e+002  0.0000000e+000
  4.9700000e+003  3.0891112e+002  0.0000000e+000
  4.9800000e+003  3.3784174e+002  0.0000000e+000
  4.9900000e+003  3.3941439e+002  0.0000000e+000
  5.0000000e+003  3.3765002e+002  0.0000000e+000
  5.0100000e+003  3.3698227e+002  0.0000000e+000
  5.0200000e+003  2.6230887e+002  0.0000000e+000
  5.0300000e+003  2.1561672e+002  0.0000000e+000
  5.0400000e+003  1.9828644e+002  0.0000000e+000
  5.0500000e+003  2.2938916e+002  0.0000000e+000
  5.0600000e+003  2.5051042e+002  0.0000000e+000
  5.0700000e+003  2.5835764e+002  0.0000000e+000
  5.0800000e+003  2.1119776e+002  0.0000000e+000
  5.0900000e+003  1.8092365e+002  0.0000000e+000
  5.1000000e+003  1.6968341e+002  0.0000000e+000
  5.1100000e+003  1.6185909e+002  0.0000000e+000
  5.1200000e+003  1.5802808e+002  0.0000000e+000
  5.1300000e+003  1.5661114e+002  0.0000000e+000
  5.1400000e+003  2.7782547e+002  0.0000000e+000
  5.1500000e+003  3.5385665e+002  0.0000000e+000
  5.1600000e+003  3.8207751e+002  0.0000000e+000
  5.1700000e+003  3.0362927e+002  0.0000000e+000
  5.1800000e+003  2.5182848e+002  0.0000000e+000
  5.1900000e+003  2.3258920e+002  0.0000000e+000
  5.2000000e+003  1.3402786e+002  0.0000000e+000
  5.2100000e+003  7.5004722e+001  0.0000000e+000
  5.2200000e+003  7.5000000e+001  0.0000000e+000
  5.2300000e+003  2.5762501e+002  0.0000000e+000
  5.2400000e+003  3.8863686e+002  0.0000000e+000
  5.2500000e+003  2.5280873e+002  0.0000000e+000
  5.2600000e+003  2.4443855e+002  0.0000000e+000
  5.2700000e+003  1.2030139e+002  0.0000000e+000
  5.2800000e+003  7.5000866e+001  0.0000000e+000
  5.2900000e+003  1.7416796e+002  0.0000000e+000
  5.3000000e+003  2.4265173e+002  0.0000000e+000
  5.3100000e+003  2.6779139e+002  0.0000000e+000
  5.3200000e+003  1.7531006e+002  0.0000000e+000
  5.3300000e+003  1.1501541e+002  0.0000000e+000
  5.3400000e+003  7.5001458e+001  0.0000000e+000
  5.3500000e+003  7.5000000e+001  0.0000000e+000
  5.3600000e+003  1.5079065e+002  0.0000000e+000
  5.3700000e+003  1.5973818e+002  0.0000000e+000
  5.3800000e+003  2.1994254e+002  0.0000000e+000
  5.3900000e+003  2.5679993e+002  0.0000000e+000
  5.4000000e+003  2.7047624e+002  0.0000000e+000
  5.4100000e+003  3.2785168e+002  0.0000000e+000
  5.4200000e+003  3.6247690e+002  0.0000000e+000
  5.4300000e+003  3.7532254e+002  0.0000000e+000
  5.4400000e+003  2.6840702e+002  0.0000000e+000
  5.4500000e+003  2.0024285e+002  0.0000000e+000
  5.4600000e+003  1.7493688e+002  0.0000000e+000
  5.4700000e+003  2.1998570e+002  0.0000000e+000
  5.4800000e+003  2.5059698e+002  0.0000000e+000
  5.4900000e+003  2.6197012e+002  0.0000000e+000
  5.5000000e+003  2.2138364e+002  0.0000000e+000
  5.5100000e+003  1.9489031e+002  0.0000000e+000
  5.5200000e+003  1.8505181e+002  0.0000000e+000
  5.5300000e+003  2.0054030e+002  0.0000000e+000
  5.5400000e+003  2.1117307e+002  0.0000000e+000
  5.5500000e+003  2.1512397e+002  0.0000000e+000
  5.5600000e+003  1.1951308e+002  0.0000000e+000
  5.5700000e+003  7.5000470e+001  0.0000000e+000
  5.5800000e+003  7.5000000e+001  0.0000000e+000
  5.5900000e+003  7.5000000e+001  0.0000000e+000
  5.6000000e+003  1.6409912e+002  0.0000000e+000
  5.6100000e+003  1.8281406e+002  0.0000000e+000
  5.6200000e+003  3.1968031e+002  0.0000000e+000
  5.6300000e+003  4.0360228e+002  0.0000000e+000
  5.6400000e+003  2.5130637e+002  0.0000000e+000
  5.6500000e+003  2.5859257e+002  0.0000000e+000
  5.6600000e+003  1.4696531e+002  0.0000000e+000
  5.6700000e+003  7.9506597e+001  0.0000000e+000
  5.6800000e+003  7.5000028e+001  0.0000000e+000
  5.6900000e+003  7.5000000e+001  0.0000000e+000
  5.7000000e+003  7.5000000e+001  0.0000000e+000
  5.7100000e+003  2.3944572e+002  0.0000000e+000
  5.7200000e+003  3.8270973e+002  0.0000000e+000
  5.7300000e+003  2.5205588e+002  0.0000000e+000
  5.7400000e+003  2.4427551e+002  0.0000000e+000
  5.7500000e+003  2.3657288e+002  0.0000000e+000
  5.7600000e+003  2.3370027e+002  0.0000000e+000
  5.7700000e+003  2.1502661e+002  0.0000000e+000
  5.7800000e+003  2.0360736e+002  0.0000000e+000
  5.7900000e+003  1.9937019e+002  0.0000000e+000
  5.8000000e+003  1.7135554e+002  0.0000000e+000
  5.8100000e+003  7.5027510e+001  0.0000000e+000
  5.8200000e+003  7.5000000e+001  0.0000000e+000
  5.8300000e+003  2.4093467e+002  0.0000000e+000
  5.8400000e+003  3.8125244e+002  0.0000000e+000
  5.8500000e+003  2.5068046e+002  0.0000000e+000
  5.8600000e+003  2.7737330e+002  0.0000000e+000
  5.8700000e+003  1.7853441e+002  0.0000000e+000
  5.8800000e+003  1.4097354e+002  0.0000000e+000
  5.8900000e+003  7.5075018e+001  0.0000000e+000
  5.9000000e+003  7.5000000e+001  0.0000000e+000
  5.9100000e+003  7.5000000e+001  0.0000000e+000
  5.9200000e+003  7.5000000e+001  0.0000000e+000
  5.9300000e+003  7.5000000e+001  0.0000000e+000
  5.9400000e+003  7.5000000e+001  0.0000000e+000
  5.9500000e+003  1.8528538e+002  0.0000000e+000
  5.9600000e+003  2.3985558e+002  0.0000000e+000
  5.9700000e+003  2.6005524e+002  0.0000000e+000
  5.9800000e+003  2.9126818e+002  0.0000000e+000
  5.9900000e+003  3.0889229e+002  0.0000000e+000
  6.0000000e+003  3.1542479e+002  0.0000000e+000
  6.0100000e+003  2.8274689e+002  0.0000000e+000
  6.0200000e+003  2.6166539e+002  0.0000000e+000
  6.0300000e+003  2.5383774e+002  0.0000000e+000
  6.0400000e+003  2.1245588e+002  0.0000000e+000
  6.0500000e+003  1.8728905e+002  0.0000000e+000
  6.0600000e+003  1.7795145e+002  0.0000000e+000
  6.0700000e+003  3.4041023e+002  0.0000000e+000
  6.0800000e+003  2.5672867e+002  0.0000000e+000
  6.0900000e+003  2.7809688e+002  0.0000000e+000
  6.1000000e+003  2.8846981e+002  0.0000000e+000
  6.1100000e+003  1.8101976e+002  0.0000000e+000
  6.1200000e+003  1.3728948e+002  0.0000000e+000
  6.1300000e+003  1.8161637e+002  0.0000000e+000
  6.1400000e+003  2.1352635e+002  0.0000000e+000
  6.1500000e+003  2.2538973e+002  0.0000000e+000
  6.1600000e+003  1.6323185e+002  0.0000000e+000
  6.1700000e+003  1.2318531e+002  0.0000000e+000
  6.1800000e+003  1.0831610e+002  0.0000000e+000
  6.1900000e+003  1.9434235e+002  0.0000000e+000
  6.2000000e+003  2.4961932e+002  0.0000000e+000
  6.2100000e+003  2.7014289e+002  0.0000000e+000
  6.2200000e+003  1.3621184e+002  0.0000000e+000
  6.2300000e+003  7.5001657e+001  0.0000000e+000
  6.2400000e+003  7.5000000e+001  0.0000000e+000
  6.2500000e+003  1.6433620e+002  0.0000000e+000
  6.2600000e+003  2.6386931e+002  0.0000000e+000
  6.2700000e+003  2.9963534e+002  0.0000000e+000
  6.2800000e+003  1.7126919e+002  0.0000000e+000
  6.2900000e+003  7.5234871e+001  0.0000000e+000
  6.3000000e+003  7.5000001e+001  0.0000000e+000
  6.3100000e+003  1.5323537e+002  0.0000000e+000
  6.3200000e+003  2.2403856e+002  0.0000000e+000
  6.3300000e+003  2.4868732e+002  0.0000000e+000
  6.3400000e+003  1.4911885e+002  0.0000000e+000
  6.3500000e+003  7.5048130e+001  0.0000000e+000
  6.3600000e+003  7.5000000e+001  0.0000000e+000
  6.3700000e+003  7.5000000e+001  0.0000000e+000
  6.3800000e+003  7.5000000e+001  0.0000000e+000
  6.3900000e+003  7.5000000e+001  0.0000000e+000
  6.4000000e+003  7.5000000e+001  0.0000000e+000
  6.4100000e+003  7.5000000e+001  0.0000000e+000
  6.4200000e+003  7.5000000e+001  0.0000000e+000
  6.4300000e+003  7.5000000e+001  0.0000000e+000
  6.4400000e+003  7.5000000e+001  0.0000000e+000
  6.4500000e+003  7.5000000e+001  0.0000000e+000
  6.4600000e+003  1.9867836e+002  0.0000000e+000
  6.4700000e+003  2.8426342e+002  0.0000000e+000
  6.4800000e+003  3.1593029e+002  0.0000000e+000
  6.4900000e+003  3.5952329e+002  0.0000000e+000
  6.5000000e+003  3.8380936e+002  0.0000000e+000
  6.5100000e+003  3.9280944e+002  0.0000000e+000
  6.5200000e+003  2.9814540e+002  0.0000000e+000
  6.5300000e+003  3.4213300e+002  0.0000000e+000
  6.5400000e+003  3.5846397e+002  0.0000000e+000
  6.5500000e+003  3.0525886e+002  0.0000000e+000
  6.5600000e+003  2.7039349e+002  0.0000000e+000
  6.5700000e+003  2.5744536e+002  0.0000000e+000
  6.5800000e+003  2.1990905e+002  0.0000000e+000
  6.5900000e+003  7.5555480e+001  0.0000000e+000
  6.6000000e+003  7.5000003e+001  0.0000000e+000
  6.6100000e+003  7.5000000e+001  0.0000000e+000
  6.6200000e+003  7.5000000e+001  0.0000000e+000
  6.6300000e+003  7.5000000e+001  0.0000000e+000
  6.6400000e+003  1.4702401e+002  0.0000000e+000
  6.6500000e+003  2.1696626e+002  0.0000000e+000
  6.6600000e+003  2.4056057e+002  0.0000000e+000
  6.6700000e+003  1.2169996e+002  0.0000000e+000
  6.6800000e+003  7.5000437e+001  0.0000000e+000
  6.6900000e+003  7.5000000e+001  0.0000000e+000
  6.7000000e+003  7.5000000e+001  0.0000000e+000
  6.7100000e+003  1.7798913e+002  0.0000000e+000
  6.7200000e+003  2.0169788e+002  0.0000000e+000
  6.7300000e+003  1.7855516e+002  0.0000000e+000
  6.7400000e+003  1.6181260e+002  0.0000000e+000
  6.7500000e+003  1.5558777e+002  0.0000000e+000
  6.7600000e+003  2.5842779e+002  0.0000000e+000
  6.7700000e+003  3.2341104e+002  0.0000000e+000
  6.7800000e+003  3.4753342e+002  0.0000000e+000
  6.7900000e+003  3.8212888e+002  0.0000000e+000
  6.8000000e+003  4.0149814e+002  0.0000000e+000
  6.8100000e+003  4.0867663e+002  0.0000000e+000
  6.8200000e+003  2.6015032e+002  0.0000000e+000
  6.8300000e+003  2.7471350e+002  0.0000000e+000
  6.8400000e+003  2.8012167e+002  0.0000000e+000
  6.8500000e+003  2.0986764e+002  0.0000000e+000
  6.8600000e+003  2.8605545e+002  0.0000000e+000
  6.8700000e+003  2.5750189e+002  0.0000000e+000
  6.8800000e+003  2.4325799e+002  0.0000000e+000
  6.8900000e+003  2.3705511e+002  0.0000000e+000
  6.9000000e+003  2.3476553e+002  0.0000000e+000
  6.9100000e+003  2.7899750e+002  0.0000000e+000
  6.9200000e+003  3.1471935e+002  0.0000000e+000
  6.9300000e+003  3.4033273e+002  0.0000000e+000
  6.9400000e+003  3.7510479e+002  0.0000000e+000
  6.9500000e+003  3.9444294e+002  0.0000000e+000
  6.9600000e+003  4.0160922e+002  0.0000000e+000
  6.9700000e+003  2.5861054e+002  0.0000000e+000
  6.9800000e+003  2.9021790e+002  0.0000000e+000
  6.9900000e+003  2.3338435e+002  0.0000000e+000
  7.0000000e+003  2.7315168e+002  0.0000000e+000
  7.0100000e+003  3.0355658e+002  0.0000000e+000
  7.0200000e+003  3.1486763e+002  0.0000000e+000
  7.0300000e+003  1.9189624e+002  0.0000000e+000
  7.0400000e+003  1.1382471e+002  0.0000000e+000
  7.0500000e+003  7.5000482e+001  0.0000000e+000
  7.0600000e+003  1.8786261e+002  0.0000000e+000
  7.0700000e+003  2.5551389e+002  0.0000000e+000
  7.0800000e+003  2.8054708e+002  0.0000000e+000
  7.0900000e+003  3.7226701e+002  0.0000000e+000
  7.1000000e+003  2.4834906e+002  0.0000000e+000
  7.1100000e+003  2.5880870e+002  0.0000000e+000
  7.1200000e+003  2.9324931e+002  0.0000000e+000
  7.1300000e+003  2.0692347e+002  0.0000000e+000
  7.1400000e+003  1.7205516e+002  0.0000000e+000
  7.1500000e+003  2.4151546e+002  0.0000000e+000
  7.1600000e+003  2.8832026e+002  0.0000000e+000
  7.1700000e+003  3.0570815e+002  0.0000000e+000
  7.1800000e+003  3.0129333e+002  0.0000000e+000
  7.1900000e+003  2.9687679e+002  0.0000000e+000
  7.2000000e+003  2.9522978e+002  0.0000000e+000
  7.2100000e+003  2.1972334e+002  0.0000000e+000
  7.2200000e+003  1.7260262e+002  0.0000000e+000
  7.2300000e+003  1.5511372e+002  0.0000000e+000
  7.2400000e+003  1.5831822e+002  0.0000000e+000
  7.2500000e+003  1.6198650e+002  0.0000000e+000
  7.2600000e+003  1.6335583e+002  0.0000000e+000
  7.2700000e+003  2.7490804e+002  0.0000000e+000
  7.2800000e+003  3.5306393e+002  0.0000000e+000
  7.2900000e+003  3.9000980e+002  0.0000000e+000
  7.3000000e+003  2.1434065e+002  0.0000000e+000
  7.3100000e+003  1.7444641e+002  0.0000000e+000
  7.3200000e+003  7.7782208e+001  0.0000000e+000
  7.3300000e+003  7.5000017e+001  0.0000000e+000
  7.3400000e+003  1.5833249e+002  0.0000000e+000
  7.3500000e+003  1.6807045e+002  0.0000000e+000
  7.3600000e+003  7.5774944e+001  0.0000000e+000
  7.3700000e+003  7.5000005e+001  0.0000000e+000
  7.3800000e+003  7.5000000e+001  0.0000000e+000
  7.3900000e+003  9.9178699e+001  0.0000000e+000
  7.4000000e+003  2.1747463e+002  0.0000000e+000
  7.4100000e+003  2.4734866e+002  0.0000000e+000
  7.4200000e+003  3.1422176e+002  0.0000000e+000
  7.4300000e+003  3.5325467e+002  0.0000000e+000
  7.4400000e+003  3.6772909e+002  0.0000000e+000
  7.4500000e+003  2.6816244e+002  0.0000000e+000
  7.4600000e+003  2.0444491e+002  0.0000000e+000
  7.4700000e+003  1.8078866e+002  0.0000000e+000
  7.4800000e+003  2.7105506e+002  0.0000000e+000
  7.4900000e+003  3.2982189e+002  0.0000000e+000
  7.5000000e+003  3.5164471e+002  0.0000000e+000
  7.5100000e+003  2.3843011e+002  0.0000000e+000
  7.5200000e+003  1.6546882e+002  0.0000000e+000
  7.5300000e+003  1.3837832e+002  0.0000000e+000
  7.5400000e+003  3.5452206e+002  0.0000000e+000
  7.5500000e+003  2.8466213e+002  0.0000000e+000
  7.5600000e+003  3.1423747e+002  0.0000000e+000
  7.5700000e+003  2.3984524e+002  0.0000000e+000
  7.5800000e+003  1.9845004e+002  0.0000000e+000
  7.5900000e+003  2.9774557e+002  0.0000000e+000
  7.6000000e+003  3.7797331e+002  0.0000000e+000
  7.6100000e+003  2.4969115e+002  0.0000000e+000
  7.6200000e+003  2.6069384e+002  0.0000000e+000
  7.6300000e+003  3.5693089e+002  0.0000000e+000
  7.6400000e+003  4.0624195e+002  0.0000000e+000
  7.6500000e+003  2.6101121e+002  0.0000000e+000
  7.6600000e+003  1.9767803e+002  0.0000000e+000
  7.6700000e+003  2.6312579e+002  0.0000000e+000
  7.6800000e+003  2.3764146e+002  0.0000000e+000
  7.6900000e+003  2.8703623e+002  0.0000000e+000
  7.7000000e+003  3.2038582e+002  0.0000000e+000
  7.7100000e+003  3.3277541e+002  0.0000000e+000
  7.7200000e+003  2.6630643e+002  0.0000000e+000
  7.7300000e+003  2.2351057e+002  0.0000000e+000
  7.7400000e+003  2.0762066e+002  0.0000000e+000
  7.7500000e+003  2.8516963e+002  0.0000000e+000
  7.7600000e+003  2.4166943e+002  0.0000000e+000
  7.7700000e+003  2.2548323e+002  0.0000000e+000
  7.7800000e+003  1.4998130e+002  0.0000000e+000
  7.7900000e+003  7.8373509e+001  0.0000000e+000
  7.8000000e+003  7.5000021e+001  0.0000000e+000
  7.8100000e+003  1.1307111e+002  0.0000000e+000
  7.8200000e+003  1.7810900e+002  0.0000000e+000
  7.8300000e+003  1.9146621e+002  0.0000000e+000
  7.8400000e+003  3.7156684e+002  0.0000000e+000
  7.8500000e+003  2.7924053e+002  0.0000000e+000
  7.8600000e+003  3.0314644e+002  0.0000000e+000
  7.8700000e+003  2.9254146e+002  0.0000000e+000
  7.8800000e+003  2.8362857e+002  0.0000000e+000
  7.8900000e+003  2.8030976e+002  0.0000000e+000
  7.9000000e+003  2.6462570e+002  0.0000000e+000
  7.9100000e+003  1.3176482e+002  0.0000000e+000
  7.9200000e+003  7.5006601e+001  0.0000000e+000
  7.9300000e+003  1.5567078e+002  0.0000000e+000
  7.9400000e+003  2.1154344e+002  0.0000000e+000
  7.9500000e+003  2.3125477e+002  0.0000000e+000
  7.9600000e+003  1.1676644e+002  0.0000000e+000
  7.9700000e+003  7.5000257e+001  0.0000000e+000
  7.9800000e+003  7.5000000e+001  0.0000000e+000
  7.9900000e+003  1.8295232e+002  0.0000000e+000
  8.0000000e+003  2.9229884e+002  0.0000000e+000
  8.0100000e+003  3.3240553e+002  0.0000000e+000
  8.0200000e+003  2.6649924e+002  0.0000000e+000
  8.0300000e+003  2.7450271e+002  0.0000000e+000
  8.0400000e+003  2.8576008e+002  0.0000000e+000
  8.0500000e+003  2.8998913e+002  0.0000000e+000
  8.0600000e+003  1.8728436e+002  0.0000000e+000
  8.0700000e+003  1.4296675e+002  0.0000000e+000
  8.0800000e+003  7.5042657e+001  0.0000000e+000
  8.0900000e+003  7.5000000e+001  0.0000000e+000
  8.1000000e+003  1.6734762e+001  0.0000000e+000
  8.1100000e+003  1.0282193e-004  0.0000000e+000
  8.1200000e+003  6.3175979e-010  0.0000000e+000
  8.1300000e+003  3.8816663e-015  0.0000000e+000
  8.1400000e+003  2.3849782e-020  0.0000000e+000
  8.1500000e+003  1.4653813e-025  0.0000000e+000
  8.1600000e+003  9.0036137e-031  0.0000000e+000
  8.1700000e+003  5.5320114e-036  0.0000000e+000
  8.1800000e+003  3.3989853e-041  0.0000000e+000
  8.1900000e+003  2.0884088e-046  0.0000000e+000
  8.2000000e+003  1.2831627e-051  0.0000000e+000
  8.2100000e+003  7.8840241e-057  0.0000000e+000
  8.2200000e+003  4.8441118e-062  1.1000000e+003
  8.2300000e+003  2.9763252e-067  1.1000000e+003
  8.2400000e+003  1.8287174e-072  1.1000000e+003
  8.2500000e+003  1.1236028e-077  1.1000000e+003
  8.2600000e+003  6.9036543e-083  1.1000000e+003
  8.2700000e+003  4.2417518e-088  1.1000000e+003
  8.2800000e+003  2.6062224e-093  1.1000000e+003
  8.2900000e+003  1.6013184e-098  1.1000000e+003
  8.3000000e+003  9.8388402e-104  1.1000000e+003
  8.3100000e+003  6.0451924e-109  1.1000000e+003
  8.3200000e+003  3.7142946e-114  1.1000000e+003
  8.3300000e+003  2.2821415e-119  1.1000000e+003
  8.3400000e+003  1.4021962e-124  1.1000000e+003
  8.3500000e+003  8.6153912e-130  1.1000000e+003
  8.3600000e+003  5.2934793e-135  1.1000000e+003
  8.3700000e+003  3.2524261e-140  1.1000000e+003
  8.3800000e+003  1.9983597e-145  1.1000000e+003
  8.3900000e+003  1.2278346e-150  1.1000000e+003
  8.4000000e+003  7.5440767e-156  1.1000000e+003
  8.4100000e+003  4.6352409e-161  1.1000000e+003
  8.4200000e+003  2.8479905e-166  1.1000000e+003
  8.4300000e+003  1.7498658e-171  1.1000000e+003
  8.4400000e+003  1.0751547e-176  1.1000000e+003
  8.4500000e+003  6.6059789e-182  1.1000000e+003
  8.4600000e+003  4.0588538e-187  1.1000000e+003
  8.4700000e+003  2.4938459e-192  1.1000000e+003
  8.4800000e+003  1.5322719e-197  1.1000000e+003
  8.4900000e+003  9.4146040e-203  1.1000000e+003
  8.5000000e+003  5.7845327e-208  1.1000000e+003
  8.5100000e+003  3.5541397e-213  1.1000000e+003
  8.5200000e+003  2.1837389e-218  1.1000000e+003
  8.5300000e+003  1.3417356e-223  1.1000000e+003
  8.5400000e+003  8.2439083e-229  1.1000000e+003
  8.5500000e+003  5.0652323e-234  1.1000000e+003
  8.5600000e+003  3.1121863e-239  1.1000000e+003
  8.5700000e+003  1.9121934e-244  1.1000000e+003
  8.5800000e+003  1.1748922e-249  1.1000000e+003
  8.5900000e+003  7.2187873e-255  1.1000000e+003
  8.6000000e+003  4.4353762e-260  1.1000000e+003
  8.6100000e+003  2.7251893e-265  1.1000000e+003
  8.6200000e+003  1.6744142e-270  1.1000000e+003
  8.6300000e+003  1.0287956e-275  1.1000000e+003
  8.6400000e+003  6.3211389e-281  1.1000000e+003
  8.6500000e+003  3.8838420e-286  1.1000000e+003
  8.6600000e+003  2.3863150e-291  1.1000000e+003
  8.6700000e+003  1.4662026e-296  1.1000000e+003
  8.6800000e+003  9.0086602e-302  1.1000000e+003
  8.6900000e+003  5.5351122e-307  1.1000000e+003
  8.7000000e+003  3.4008905e-312  1.1000000e+003
  8.7100000e+003  2.0895785e-317  1.1000000e+003
  8.7200000e+003  1.2845707e-322  1.1000000e+003
  8.7300000e+003  3.9525252e-323  1.1000000e+003
  8.7400000e+003  3.9525252e-323  1.1000000e+003
  8.7500000e+003  3.9525252e-323  1.1000000e+003
  8.7600000e+003  3.9525252e-323  1.1000000e+003
  8.7700000e+003  3.9525252e-323  1.1000000e+003
  8.7800000e+003  3.9525252e-323  1.1000000e+003
  8.7900000e+003  3.9525252e-323  1.1000000e+003
  8.8000000e+003  3.9525252e-323  1.1000000e+003
  8.8100000e+003  3.9525252e-323  1.1000000e+003
  8.8200000e+003  3.9525252e-323  1.1000000e+003
  8.8300000e+003  3.9525252e-323  1.1000000e+003
  8.8400000e+003  3.9525252e-323  1.1000000e+003
  8.8500000e+003  3.9525252e-323  1.1000000e+003
  8.8600000e+003  3.9525252e-323  1.1000000e+003
  8.8700000e+003  3.9525252e-323  1.1000000e+003
  8.8800000e+003  3.9525252e-323  1.1000000e+003
  8.8900000e+003  3.9525252e-323  1.1000000e+003
  8.9000000e+003  3.9525252e-323  1.1000000e+003
  8.9100000e+003  3.9525252e-323  1.1000000e+003
  8.9200000e+003  3.9525252e-323  1.1000000e+003
  8.9300000e+003  3.9525252e-323  1.1000000e+003
  8.9400000e+003  3.9525252e-323  1.1000000e+003
  8.9500000e+003  3.9525252e-323  1.1000000e+003
  8.9600000e+003  3.9525252e-323  1.1000000e+003
  8.9700000e+003  3.9525252e-323  1.1000000e+003
  8.9800000e+003  3.9525252e-323  1.1000000e+003
  8.9900000e+003  3.9525252e-323  1.1000000e+003
  9.0000000e+003  3.9525252e-323  1.1000000e+003
  9.0100000e+003  3.9525252e-323  1.1000000e+003
  9.0200000e+003  3.9525252e-323  1.1000000e+003
  9.0300000e+003  3.9525252e-323  1.1000000e+003
  9.0400000e+003  3.9525252e-323  1.1000000e+003
  9.0500000e+003  3.9525252e-323  1.1000000e+003
  9.0600000e+003  3.9525252e-323  1.1000000e+003
  9.0700000e+003  3.9525252e-323  1.1000000e+003
  9.0800000e+003  3.9525252e-323  1.1000000e+003
  9.0900000e+003  3.9525252e-323  1.1000000e+003
  9.1000000e+003  3.9525252e-323  1.1000000e+003
  9.1100000e+003  3.9525252e-323  1.1000000e+003
  9.1200000e+003  3.9525252e-323  1.1000000e+003
  9.1300000e+003  3.9525252e-323  1.1000000e+003
  9.1400000e+003  3.9525252e-323  1.1000000e+003
  9.1500000e+003  3.9525252e-323  1.1000000e+003
  9.1600000e+003  3.9525252e-323  1.1000000e+003
  9.1700000e+003  3.9525252e-323  1.1000000e+003
  9.1800000e+003  3.9525252e-323  1.1000000e+003
  9.1900000e+003  3.9525252e-323  1.1000000e+003
  9.2000000e+003  3.9525252e-323  1.1000000e+003
  9.2100000e+003  3.9525252e-323  1.1000000e+003
  9.2200000e+003  3.9525252e-323  1.1000000e+003
  9.2300000e+003  3.9525252e-323  1.1000000e+003
  9.2400000e+003  3.9525252e-323  1.1000000e+003
  9.2500000e+003  3.9525252e-323  1.1000000e+003
  9.2600000e+003  3.9525252e-323  1.1000000e+003
  9.2700000e+003  3.9525252e-323  1.1000000e+003
  9.2800000e+003  3.9525252e-323  1.1000000e+003
  9.2900000e+003  3.9525252e-323  1.1000000e+003
  9.3000000e+003  3.9525252e-323  1.1000000e+003
  9.3100000e+003  3.9525252e-323  1.1000000e+003
  9.3200000e+003  3.9525252e-323  1.1000000e+003
  9.3300000e+003  3.9525252e-323  1.1000000e+003
  9.3400000e+003  3.9525252e-323  1.1000000e+003
  9.3500000e+003  3.9525252e-323  1.1000000e+003
  9.3600000e+003  3.9525252e-323  1.1000000e+003
  9.3700000e+003  3.9525252e-323  1.1000000e+003
  9.3800000e+003  3.9525252e-323  1.1000000e+003
  9.3900000e+003  3.9525252e-323  1.1000000e+003
  9.4000000e+003  5.9153608e+001  1.1000000e+003
  9.4100000e+003  7.4999903e+001  1.1000000e+003
  9.4200000e+003  1.1250876e+002  1.1000000e+003
  9.4300000e+003  7.5142729e+001  1.1000000e+003
  9.4400000e+003  7.5000001e+001  1.1000000e+003
  9.4500000e+003  7.5000000e+001  1.1000000e+003
  9.4600000e+003  1.9484192e+002  1.1000000e+003
  9.4700000e+003  3.1348624e+002  1.1000000e+003
  9.4800000e+003  3.5722068e+002  1.1000000e+003
  9.4900000e+003  3.1339347e+002  1.1000000e+003
  9.5000000e+003  2.8179597e+002  1.1000000e+003
  9.5100000e+003  2.7004858e+002  1.1000000e+003
  9.5200000e+003  1.4295602e+002  1.1000000e+003
  9.5300000e+003  7.5005278e+001  1.1000000e+003
  9.5400000e+003  7.5000000e+001  1.1000000e+003
  9.5500000e+003  7.5000000e+001  1.1000000e+003
  9.5600000e+003  1.8993335e+002  1.1000000e+003
  9.5700000e+003  2.1266728e+002  1.1000000e+003
  9.5800000e+003  1.8360987e+002  1.1000000e+003
  9.5900000e+003  1.6325586e+002  1.1000000e+003
  9.6000000e+003  1.5569102e+002  1.1000000e+003
  9.6100000e+003  2.9624100e+002  1.1000000e+003
  9.6200000e+003  3.8496311e+002  1.1000000e+003
  9.6300000e+003  2.5477388e+002  1.1000000e+003
  9.6400000e+003  2.4743200e+002  1.1000000e+003
  9.6500000e+003  2.4930019e+002  1.1000000e+003
  9.6600000e+003  2.4998515e+002  1.1000000e+003
  9.6700000e+003  2.1746118e+002  1.1000000e+003
  9.6800000e+003  1.9703171e+002  1.1000000e+003
  9.6900000e+003  1.8944867e+002  1.1000000e+003
  9.7000000e+003  3.0952140e+002  1.1000000e+003
  9.7100000e+003  2.9936225e+002  1.1000000e+003
  9.7200000e+003  2.9559610e+002  1.1000000e+003
  9.7300000e+003  3.1905201e+002  1.1000000e+003
  9.7400000e+003  3.3409643e+002  1.1000000e+003
  9.7500000e+003  3.3968209e+002  1.1000000e+003
  9.7600000e+003  2.1585124e+002  1.1000000e+003
  9.7700000e+003  1.3778565e+002  1.1000000e+003
  9.7800000e+003  1.0880783e+002  1.1000000e+003
  9.7900000e+003  1.8892180e+002  1.1000000e+003
  9.8000000e+003  2.4196886e+002  1.1000000e+003
  9.8100000e+003  2.6164107e+002  1.1000000e+003
  9.8200000e+003  2.0767591e+002  1.1000000e+003
  9.8300000e+003  1.7201712e+002  1.1000000e+003
  9.8400000e+003  1.5877302e+002  1.1000000e+003
  9.8500000e+003  2.5523428e+002  1.1000000e+003
  9.8600000e+003  3.1689056e+002  1.1000000e+003
  9.8700000e+003  3.3978120e+002  1.1000000e+003
  9.8800000e+003  2.6455555e+002  1.1000000e+003
  9.8900000e+003  2.1527901e+002  1.1000000e+003
  9.9000000e+003  1.9697902e+002  1.1000000e+003
  9.9100000e+003  3.5498900e+002  1.1000000e+003
  9.9200000e+003  2.6350995e+002  1.1000000e+003
  9.9300000e+003  2.8499344e+002  1.1000000e+003
  9.9400000e+003  2.1395846e+002  1.1000000e+003
  9.9500000e+003  2.8959308e+002  1.1000000e+003
  9.9600000e+003  2.5975600e+002  1.1000000e+003
  9.9700000e+003  3.3701652e+002  1.1000000e+003
  9.9800000e+003  3.8823271e+002  1.1000000e+003
  9.9900000e+003  4.0725575e+002  1.1000000e+003
  1.0000000e+004  3.0931649e+002  1.1000000e+003
  1.0010000e+004  2.4618566e+002  1.1000000e+003
  1.0020000e+004  2.2274514e+002  1.1000000e+003
  1.0030000e+004  9.3974097e+001  1.1000000e+003
  1.0040000e+004  7.5000117e+001  1.1000000e+003
  1.0050000e+004  7.5000000e+001  1.1000000e+003
  1.0060000e+004  1.2071026e+002  1.1000000e+003
  1.0070000e+004  2.2486787e+002  1.1000000e+003
  1.0080000e+004  2.5544589e+002  1.1000000e+003
  1.0090000e+004  2.2141374e+002  1.1000000e+003
  1.0100000e+004  1.9719942e+002  1.1000000e+003
  1.0110000e+004  1.8819827e+002  1.1000000e+003
  1.0120000e+004  7.7607947e+001  1.1000000e+003
  1.0130000e+004  7.5000016e+001  1.1000000e+003
  1.0140000e+004  7.5000000e+001  1.1000000e+003
  1.0150000e+004  7.5000000e+001  1.1000000e+003
  1.0160000e+004  2.0680967e+002  1.1000000e+003
  1.0170000e+004  2.3503722e+002  1.1000000e+003
  1.0180000e+004  2.4878402e+002  1.1000000e+003
  1.0190000e+004  2.5470917e+002  1.1000000e+003
  1.0200000e+004  2.5689582e+002  1.1000000e+003
  1.0210000e+004  2.0651499e+002  1.1000000e+003
  1.0220000e+004  1.7476202e+002  1.1000000e+003
  1.0230000e+004  1.6297541e+002  1.1000000e+003
  1.0240000e+004  2.9859997e+002  1.1000000e+003
  1.0250000e+004  3.8463924e+002  1.1000000e+003
  1.0260000e+004  2.6795704e+002  1.1000000e+003
  1.0270000e+004  2.5317459e+002  1.1000000e+003
  1.0280000e+004  1.4876787e+002  1.1000000e+003
  1.0290000e+004  1.0978641e+002  1.1000000e+003
  1.0300000e+004  7.5000284e+001  1.1000000e+003
  1.0310000e+004  7.5000000e+001  1.1000000e+003
  1.0320000e+004  7.5000000e+001  1.1000000e+003
  1.0330000e+004  1.0670122e+002  1.1000000e+003
  1.0340000e+004  1.8714706e+002  1.1000000e+003
  1.0350000e+004  2.0435369e+002  1.1000000e+003
  1.0360000e+004  2.4267951e+002  1.1000000e+003
  1.0370000e+004  2.6504165e+002  1.1000000e+003
  1.0380000e+004  2.7333407e+002  1.1000000e+003
  1.0390000e+004  2.0374553e+002  1.1000000e+003
  1.0400000e+004  1.5938576e+002  1.1000000e+003
  1.0410000e+004  1.4291720e+002  1.1000000e+003
  1.0420000e+004  1.5615869e+002  1.1000000e+003
  1.0430000e+004  1.6601454e+002  1.1000000e+003
  1.0440000e+004  1.6968003e+002  1.1000000e+003
  1.0450000e+004  8.5128981e+001  1.1000000e+003
  1.0460000e+004  7.5000062e+001  1.1000000e+003
  1.0470000e+004  7.5000000e+001  1.1000000e+003
  1.0480000e+004  2.9330085e+002  1.1000000e+003
  1.0490000e+004  2.6003420e+002  1.1000000e+003
  1.0500000e+004  2.9131353e+002  1.1000000e+003
  1.0510000e+004  3.0018815e+002  1.1000000e+003
  1.0520000e+004  3.0261279e+002  1.1000000e+003
  1.0530000e+004  3.0349806e+002  1.1000000e+003
  1.0540000e+004  2.5822832e+002  1.1000000e+003
  1.0550000e+004  7.9308477e+001  1.1000000e+003
  1.0560000e+004  7.5000026e+001  1.1000000e+003
  1.0570000e+004  2.7645424e+002  1.1000000e+003
  1.0580000e+004  2.5749460e+002  1.1000000e+003
  1.0590000e+004  2.8400609e+002  1.1000000e+003
  1.0600000e+004  2.7902902e+002  1.1000000e+003
  1.0610000e+004  1.5046732e+002  1.1000000e+003
  1.0620000e+004  7.5974027e+001  1.1000000e+003
  1.0630000e+004  7.5000006e+001  1.1000000e+003
  1.0640000e+004  1.5250117e+002  1.1000000e+003
  1.0650000e+004  1.6109480e+002  1.1000000e+003
  1.0660000e+004  2.3323796e+002  1.1000000e+003
  1.0670000e+004  2.7759686e+002  1.1000000e+003
  1.0680000e+004  2.9405760e+002  1.1000000e+003
  1.0690000e+004  2.2950406e+002  1.1000000e+003
  1.0700000e+004  1.8752070e+002  1.1000000e+003
  1.0710000e+004  1.7193056e+002  1.1000000e+003
  1.0720000e+004  2.9971204e+002  1.1000000e+003
  1.0730000e+004  3.8120191e+002  1.1000000e+003
  1.0740000e+004  4.1145517e+002  1.1000000e+003
  1.0750000e+004  4.1323218e+002  1.1000000e+003
  1.0760000e+004  4.1147009e+002  1.1000000e+003
  1.0770000e+004  4.1080260e+002  1.1000000e+003
  1.0780000e+004  2.0471277e+002  1.1000000e+003
  1.0790000e+004  7.5226847e+001  1.1000000e+003
  1.0800000e+004  7.5000001e+001  1.1000000e+003
  1.0810000e+004  2.6076820e+002  1.1000000e+003
  1.0820000e+004  3.4419659e+002  1.1000000e+003
  1.0830000e+004  2.7003420e+002  1.1000000e+003
  1.0840000e+004  2.9998248e+002  1.1000000e+003
  1.0850000e+004  3.1566646e+002  1.1000000e+003
  1.0860000e+004  3.2147346e+002  1.1000000e+003
  1.0870000e+004  3.9293034e+002  1.1000000e+003
  1.0880000e+004  2.6054928e+002  1.1000000e+003
  1.0890000e+004  2.7022200e+002  1.1000000e+003
  1.0900000e+004  2.4393509e+002  1.1000000e+003
  1.0910000e+004  2.2654745e+002  1.1000000e+003
  1.0920000e+004  2.2008940e+002  1.1000000e+003
  1.0930000e+004  2.5757266e+002  1.1000000e+003
  1.0940000e+004  2.8165591e+002  1.1000000e+003
  1.0950000e+004  2.9059768e+002  1.1000000e+003
  1.0960000e+004  2.7715540e+002  1.1000000e+003
  1.0970000e+004  2.6788906e+002  1.1000000e+003
  1.0980000e+004  2.6444572e+002  1.1000000e+003
  1.0990000e+004  2.1963899e+002  1.1000000e+003
  1.1000000e+004  1.9191113e+002  1.1000000e+003
  1.1010000e+004  3.0480979e+002  1.1000000e+003
  1.1020000e+004  3.6637238e+002  1.1000000e+003
  1.1030000e+004  4.0655448e+002  1.1000000e+003
  1.1040000e+004  2.5351426e+002  1.1000000e+003
  1.1050000e+004  2.2334422e+002  1.1000000e+003
  1.1060000e+004  2.0510189e+002  1.1000000e+003
  1.1070000e+004  1.9832700e+002  1.1000000e+003
  1.1080000e+004  2.0000034e+002  1.1000000e+003
  1.1090000e+004  2.0169185e+002  1.1000000e+003
  1.1100000e+004  2.0232270e+002  1.1000000e+003
  1.1110000e+004  2.7333935e+002  1.1000000e+003
  1.1120000e+004  3.1774541e+002  1.1000000e+003
  1.1130000e+004  3.3422717e+002  1.1000000e+003
  1.1140000e+004  2.3387638e+002  1.1000000e+003
  1.1150000e+004  2.8402513e+002  1.1000000e+003
  1.1160000e+004  2.4430811e+002  1.1000000e+003
  1.1170000e+004  2.0798248e+002  1.1000000e+003
  1.1180000e+004  2.0458454e+002  1.1000000e+003
  1.1190000e+004  3.1493184e+002  1.1000000e+003
  1.1200000e+004  3.2674698e+002  1.1000000e+003
  1.1210000e+004  3.2567478e+002  1.1000000e+003
  1.1220000e+004  2.6910324e+002  1.1000000e+003
  1.1230000e+004  2.0493824e+002  1.1000000e+003
  1.1240000e+004  2.7329775e+002  1.1000000e+003
  1.1250000e+004  2.4707258e+002  1.1000000e+003
  1.1260000e+004  3.2044388e+002  1.1000000e+003
  1.1270000e+004  3.6887721e+002  1.1000000e+003
  1.1280000e+004  3.8686572e+002  1.1000000e+003
  1.1290000e+004  4.1611676e+002  1.1000000e+003
  1.1300000e+004  2.5783191e+002  1.1000000e+003
  1.1310000e+004  2.6149817e+002  1.1000000e+003
  1.1320000e+004  2.4492586e+002  1.1000000e+003
  1.1330000e+004  2.3420086e+002  1.1000000e+003
  1.1340000e+004  2.3021847e+002  1.1000000e+003
  1.1350000e+004  2.1816292e+002  1.1000000e+003
  1.1360000e+004  2.1099293e+002  1.1000000e+003
  1.1370000e+004  2.0833344e+002  1.1000000e+003
  1.1380000e+004  2.2074997e+002  1.1000000e+003
  1.1390000e+004  2.2877710e+002  1.1000000e+003
  1.1400000e+004  2.3175768e+002  1.1000000e+003
  1.1410000e+004  2.8167461e+002  1.1000000e+003
  1.1420000e+004  3.1264612e+002  1.1000000e+003
  1.1430000e+004  3.2414038e+002  1.1000000e+003
  1.1440000e+004  2.6375461e+002  1.1000000e+003
  1.1450000e+004  2.2485275e+002  1.1000000e+003
  1.1460000e+004  2.1040857e+002  1.1000000e+003
  1.1470000e+004  2.4861785e+002  1.1000000e+003
  1.1480000e+004  2.7391453e+002  1.1000000e+003
  1.1490000e+004  2.8331025e+002  1.1000000e+003
  1.1500000e+004  2.4374620e+002  1.1000000e+003
  1.1510000e+004  2.1808095e+002  1.1000000e+003
  1.1520000e+004  2.0855069e+002  1.1000000e+003
  1.1530000e+004  2.4690012e+002  1.1000000e+003
  1.1540000e+004  2.7181764e+002  1.1000000e+003
  1.1550000e+004  2.8107042e+002  1.1000000e+003
  1.1560000e+004  2.3912376e+002  1.1000000e+003
  1.1570000e+004  2.1198025e+002  1.1000000e+003
  1.1580000e+004  2.0190137e+002  1.1000000e+003
  1.1590000e+004  2.6522804e+002  1.1000000e+003
  1.1600000e+004  3.0583680e+002  1.1000000e+003
  1.1610000e+004  3.2091390e+002  1.1000000e+003
  1.1620000e+004  2.9129487e+002  1.1000000e+003
  1.1630000e+004  2.7131669e+002  1.1000000e+003
  1.1640000e+004  2.6389475e+002  1.1000000e+003
  1.1650000e+004  3.1041673e+002  1.1000000e+003
  1.1660000e+004  3.4025103e+002  1.1000000e+003
  1.1670000e+004  3.5132783e+002  1.1000000e+003
  1.1680000e+004  3.1085696e+002  1.1000000e+003
  1.1690000e+004  2.8446419e+002  1.1000000e+003
  1.1700000e+004  2.7466315e+002  1.1000000e+003
  1.1710000e+004  1.9722680e+002  1.1000000e+003
  1.1720000e+004  2.5119716e+002  1.1000000e+003
  1.1730000e+004  2.2158262e+002  1.1000000e+003
  1.1740000e+004  2.3040895e+002  1.1000000e+003
  1.1750000e+004  2.3874957e+002  1.1000000e+003
  1.1760000e+004  2.4185851e+002  1.1000000e+003
  1.1770000e+004  2.0320696e+002  1.1000000e+003
  1.1780000e+004  3.0905886e+002  1.1000000e+003
  1.1790000e+004  2.9343697e+002  1.1000000e+003
  1.1800000e+004  2.2177365e+002  1.1000000e+003
  1.1810000e+004  1.7839763e+002  1.1000000e+003
  1.1820000e+004  1.6230490e+002  1.1000000e+003
  1.1830000e+004  1.7835306e+002  1.1000000e+003
  1.1840000e+004  1.8993052e+002  1.1000000e+003
  1.1850000e+004  1.9423485e+002  1.1000000e+003
  1.1860000e+004  1.2743490e+002  1.1000000e+003
  1.1870000e+004  7.5006083e+001  1.1000000e+003
  1.1880000e+004  7.5000000e+001  1.1000000e+003
  1.1890000e+004  7.5000000e+001  1.1000000e+003
  1.1900000e+004  7.5000000e+001  1.1000000e+003
  1.1910000e+004  7.5000000e+001  1.1000000e+003
  1.1920000e+004  7.5000000e+001  1.1000000e+003
  1.1930000e+004  1.9535230e+002  1.1000000e+003
  1.1940000e+004  2.2279566e+002  1.1000000e+003
  1.1950000e+004  2.6436734e+002  1.1000000e+003
  1.1960000e+004  2.8778926e+002  1.1000000e+003
  1.1970000e+004  2.9647049e+002  1.1000000e+003
  1.1980000e+004  2.7657249e+002  1.1000000e+003
  1.1990000e+004  2.6328877e+002  1.1000000e+003
  1.2000000e+004  2.5835443e+002  1.1000000e+003
  1.2010000e+004  2.1144722e+002  1.1000000e+003
  1.2020000e+004  1.8254585e+002  1.1000000e+003
  1.2030000e+004  1.7182082e+002  1.1000000e+003
  1.2040000e+004  1.5905374e+002  1.1000000e+003
  1.2050000e+004  1.5207894e+002  1.1000000e+003
  1.2060000e+004  1.4949490e+002  1.1000000e+003
  1.2070000e+004  2.7329931e+002  1.1000000e+003
  1.2080000e+004  3.5106313e+002  1.1000000e+003
  1.2090000e+004  3.7992761e+002  1.1000000e+003
  1.2100000e+004  3.3069674e+002  1.1000000e+003
  1.2110000e+004  2.9712881e+002  1.1000000e+003
  1.2120000e+004  2.8465667e+002  1.1000000e+003
  1.2130000e+004  3.7751945e+002  1.1000000e+003
  1.2140000e+004  2.5269920e+002  1.1000000e+003
  1.2150000e+004  2.6524625e+002  1.1000000e+003
  1.2160000e+004  2.3376795e+002  1.1000000e+003
  1.2170000e+004  2.1284844e+002  1.1000000e+003
  1.2180000e+004  2.0507815e+002  1.1000000e+003
  1.2190000e+004  2.3212842e+002  1.1000000e+003
  1.2200000e+004  2.4980390e+002  1.1000000e+003
  1.2210000e+004  2.5636791e+002  1.1000000e+003
  1.2220000e+004  2.2152063e+002  1.1000000e+003
  1.2230000e+004  7.5594093e+001  1.1000000e+003
  1.2240000e+004  7.5000004e+001  1.1000000e+003
  1.2250000e+004  7.5000000e+001  1.1000000e+003
  1.2260000e+004  1.3506336e+002  1.1000000e+003
  1.2270000e+004  1.6287135e+002  1.1000000e+003
  1.2280000e+004  2.7009701e+002  1.1000000e+003
  1.2290000e+004  3.3556289e+002  1.1000000e+003
  1.2300000e+004  3.5985380e+002  1.1000000e+003
  1.2310000e+004  2.5470123e+002  1.1000000e+003
  1.2320000e+004  2.7840928e+002  1.1000000e+003
  1.2330000e+004  2.8815995e+002  1.1000000e+003
  1.2340000e+004  2.4779510e+002  1.1000000e+003
  1.2350000e+004  7.7495903e+001  1.1000000e+003
  1.2360000e+004  7.5000015e+001  1.1000000e+003
  1.2370000e+004  7.5000000e+001  1.1000000e+003
  1.2380000e+004  1.9110497e+002  1.1000000e+003
  1.2390000e+004  2.1485188e+002  1.1000000e+003
  1.2400000e+004  3.7361981e+002  1.1000000e+003
  1.2410000e+004  2.7214108e+002  1.1000000e+003
  1.2420000e+004  2.9296140e+002  1.1000000e+003
  1.2430000e+004  2.1736383e+002  1.1000000e+003
  1.2440000e+004  2.9063796e+002  1.1000000e+003
  1.2450000e+004  2.5904396e+002  1.1000000e+003
  1.2460000e+004  1.8395090e+002  1.1000000e+003
  1.2470000e+004  1.3994299e+002  1.1000000e+003
  1.2480000e+004  1.2362281e+002  1.1000000e+003
  1.2490000e+004  7.5006713e+001  1.1000000e+003
  1.2500000e+004  7.5000000e+001  1.1000000e+003
  1.2510000e+004  7.5000000e+001  1.1000000e+003
  1.2520000e+004  7.5000000e+001  1.1000000e+003
  1.2530000e+004  1.6752312e+002  1.1000000e+003
  1.2540000e+004  1.9066010e+002  1.1000000e+003
  1.2550000e+004  2.3447802e+002  1.1000000e+003
  1.2560000e+004  2.5972017e+002  1.1000000e+003
  1.2570000e+004  2.6907894e+002  1.1000000e+003
  1.2580000e+004  2.5999261e+002  1.1000000e+003
  1.2590000e+004  2.5341407e+002  1.1000000e+003
  1.2600000e+004  2.5096817e+002  1.1000000e+003
  1.2610000e+004  2.4815015e+002  1.1000000e+003
  1.2620000e+004  2.4661811e+002  1.1000000e+003
  1.2630000e+004  2.4605055e+002  1.1000000e+003
  1.2640000e+004  2.6913200e+002  1.1000000e+003
  1.2650000e+004  2.8363802e+002  1.1000000e+003
  1.2660000e+004  2.8902243e+002  1.1000000e+003
  1.2670000e+004  3.6098838e+002  1.1000000e+003
  1.2680000e+004  4.0553714e+002  1.1000000e+003
  1.2690000e+004  2.4406751e+002  1.1000000e+003
  1.2700000e+004  2.6593038e+002  1.1000000e+003
  1.2710000e+004  2.7877187e+002  1.1000000e+003
  1.2720000e+004  2.8353395e+002  1.1000000e+003
  1.2730000e+004  2.4357186e+002  1.1000000e+003
  1.2740000e+004  7.6969737e+001  1.1000000e+003
  1.2750000e+004  7.5000012e+001  1.1000000e+003
  1.2760000e+004  2.3104824e+002  1.1000000e+003
  1.2770000e+004  3.6057564e+002  1.1000000e+003
  1.2780000e+004  4.0860780e+002  1.1000000e+003
  1.2790000e+004  2.8173487e+002  1.1000000e+003
  1.2800000e+004  1.9773113e+002  1.1000000e+003
  1.2810000e+004  1.6653038e+002  1.1000000e+003
  1.2820000e+004  2.8842916e+002  1.1000000e+003
  1.2830000e+004  3.6771906e+002  1.1000000e+003
  1.2840000e+004  3.9716270e+002  1.1000000e+003
  1.2850000e+004  2.7447181e+002  1.1000000e+003
  1.2860000e+004  1.9485294e+002  1.1000000e+003
  1.2870000e+004  1.6528797e+002  1.1000000e+003
  1.2880000e+004  3.6353679e+002  1.1000000e+003
  1.2890000e+004  2.8352627e+002  1.1000000e+003
  1.2900000e+004  3.1075472e+002  1.1000000e+003
  1.2910000e+004  3.0523638e+002  1.1000000e+003
  1.2920000e+004  2.9919254e+002  1.1000000e+003
  1.2930000e+004  2.9693715e+002  1.1000000e+003
  1.2940000e+004  2.8924349e+002  1.1000000e+003
  1.2950000e+004  1.2085155e+002  1.1000000e+003
  1.2960000e+004  7.5000282e+001  1.1000000e+003
  1.2970000e+004  7.5000000e+001  1.1000000e+003
  1.2980000e+004  7.5000000e+001  1.1000000e+003
  1.2990000e+004  7.5000000e+001  1.1000000e+003
  1.3000000e+004  7.5000000e+001  1.1000000e+003
  1.3010000e+004  7.5000000e+001  1.1000000e+003
  1.3020000e+004  7.5000000e+001  1.1000000e+003
  1.3030000e+004  7.5000000e+001  1.1000000e+003
  1.3040000e+004  7.5000000e+001  1.1000000e+003
  1.3050000e+004  7.5000000e+001  1.1000000e+003
  1.3060000e+004  7.5000000e+001  1.1000000e+003
  1.3070000e+004  7.5000000e+001  1.1000000e+003
  1.3080000e+004  7.5000000e+001  1.1000000e+003
  1.3090000e+004  7.5000000e+001  1.1000000e+003
  1.3100000e+004  7.5000000e+001  1.1000000e+003
  1.3110000e+004  7.5000000e+001  1.1000000e+003
  1.3120000e+004  7.5000000e+001  1.1000000e+003
