  0.0000000e+000  1.2700000e+001  4.7000000e+001  1.2200000e+001
  1.0000000e+001  1.2199969e+001  4.6984876e+001  1.2200000e+001
  2.0000000e+001  1.2199930e+001  4.6973292e+001  1.2200000e+001
  3.0000000e+001  1.2199893e+001  4.6961707e+001  1.2200000e+001
  4.0000000e+001  1.2199859e+001  4.6950123e+001  1.2200000e+001
  5.0000000e+001  1.2199827e+001  4.6938538e+001  1.2200000e+001
  6.0000000e+001  1.2199791e+001  4.6926954e+001  1.2200000e+001
  7.0000000e+001  1.2199751e+001  4.6915370e+001  1.2200000e+001
  8.0000000e+001  1.2199709e+001  4.6903785e+001  1.2200000e+001
  9.0000000e+001  1.2199667e+001  4.6892201e+001  1.2200000e+001
  1.0000000e+002  1.2199628e+001  4.6877422e+001  1.2200000e+001
  1.1000000e+002  1.2199593e+001  4.6848964e+001  1.2200000e+001
  1.2000000e+002  1.2199559e+001  4.6816603e+001  1.2200000e+001
  1.3000000e+002  1.2525715e+001  4.6773436e+001  1.2200000e+001
  1.4000000e+002  1.2498052e+001  4.6724227e+001  1.2200000e+001
  1.5000000e+002  1.2507104e+001  4.6682329e+001  1.2200000e+001
  1.6000000e+002  1.2496181e+001  4.6643339e+001  1.2200000e+001
  1.7000000e+002  1.2527588e+001  4.6604194e+001  1.2200000e+001
  1.8000000e+002  1.2524087e+001  4.6560332e+001  1.2200000e+001
  1.9000000e+002  1.2488892e+001  4.6515824e+001  1.2200000e+001
  2.0000000e+002  1.2454361e+001  4.6465290e+001  1.2200000e+001
  2.1000000e+002  1.2508993e+001  4.6412111e+001  1.2200000e+001
  2.2000000e+002  1.2200650e+001  4.6369889e+001  1.2200000e+001
  2.3000000e+002  1.2199496e+001  4.6353459e+001  1.2200000e+001
  2.4000000e+002  1.2199463e+001  4.6341874e+001  1.2200000e+001
  2.5000000e+002  1.2199428e+001  4.6330290e+001  1.2200000e+001
  2.6000000e+002  1.2199393e+001  4.6318705e+001  1.2200000e+001
  2.7000000e+002  1.2199355e+001  4.6307121e+001  1.2200000e+001
  2.8000000e+002  1.2555873e+001  4.6283618e+001  1.2200000e+001
  2.9000000e+002  1.2595987e+001  4.6235077e+001  1.2200000e+001
  3.0000000e+002  1.2614268e+001  4.6176788e+001  1.2200000e+001
  3.1000000e+002  1.2584502e+001  4.6125066e+001  1.2200000e+001
  3.2000000e+002  1.2199304e+001  4.6093721e+001  1.2200000e+001
  3.3000000e+002  1.2199266e+001  4.6071198e+001  1.2200000e+001
  3.4000000e+002  1.2199227e+001  4.6045373e+001  1.2200000e+001
  3.5000000e+002  1.2575502e+001  4.6006743e+001  1.2200000e+001
  3.6000000e+002  1.2535623e+001  4.5962546e+001  1.2200000e+001
  3.7000000e+002  1.2526225e+001  4.5921350e+001  1.2200000e+001
  3.8000000e+002  1.2199198e+001  4.5890188e+001  1.2200000e+001
  3.9000000e+002  1.2199155e+001  4.5863379e+001  1.2200000e+001
  4.0000000e+002  1.2199111e+001  4.5836964e+001  1.2200000e+001
  4.1000000e+002  1.2199068e+001  4.5808557e+001  1.2200000e+001
  4.2000000e+002  1.2199028e+001  4.5779258e+001  1.2200000e+001
  4.3000000e+002  1.2198990e+001  4.5756616e+001  1.2200000e+001
  4.4000000e+002  1.2198951e+001  4.5744986e+001  1.2200000e+001
  4.5000000e+002  1.2198908e+001  4.5733402e+001  1.2200000e+001
  4.6000000e+002  1.2198866e+001  4.5721817e+001  1.2200000e+001
  4.7000000e+002  1.2198826e+001  4.5710233e+001  1.2200000e+001
  4.8000000e+002  1.2198788e+001  4.5698649e+001  1.2200000e+001
  4.9000000e+002  1.2198753e+001  4.5683295e+001  1.2200000e+001
  5.0000000e+002  1.2544283e+001  4.5643433e+001  1.2200000e+001
  5.1000000e+002  1.2463814e+001  4.5592420e+001  1.2200000e+001
  5.2000000e+002  1.2445843e+001  4.5542848e+001  1.2200000e+001
  5.3000000e+002  1.2465954e+001  4.5503615e+001  1.2200000e+001
  5.4000000e+002  1.2505654e+001  4.5468910e+001  1.2200000e+001
  5.5000000e+002  1.2198717e+001  4.5439941e+001  1.2200000e+001
  5.6000000e+002  1.2198680e+001  4.5420268e+001  1.2200000e+001
  5.7000000e+002  1.2198641e+001  4.5407947e+001  1.2200000e+001
  5.8000000e+002  1.2198599e+001  4.5396363e+001  1.2200000e+001
  5.9000000e+002  1.2198556e+001  4.5384778e+001  1.2200000e+001
  6.0000000e+002  1.2198516e+001  4.5373194e+001  1.2200000e+001
  6.1000000e+002  1.2278998e+001  4.5352713e+001  1.2200000e+001
  6.2000000e+002  1.2372359e+001  4.5310958e+001  1.2200000e+001
  6.3000000e+002  1.2336843e+001  4.5261170e+001  1.2200000e+001
  6.4000000e+002  1.2302666e+001  4.5213367e+001  1.2200000e+001
  6.5000000e+002  1.2301251e+001  4.5175040e+001  1.2200000e+001
  6.6000000e+002  1.2363240e+001  4.5140847e+001  1.2200000e+001
  6.7000000e+002  1.2399936e+001  4.5105107e+001  1.2200000e+001
  6.8000000e+002  1.2406941e+001  4.5063369e+001  1.2200000e+001
  6.9000000e+002  1.2377817e+001  4.5019024e+001  1.2200000e+001
  7.0000000e+002  1.2339340e+001  4.4974347e+001  1.2200000e+001
  7.1000000e+002  1.2275318e+001  4.4930660e+001  1.2200000e+001
  7.2000000e+002  1.2300334e+001  4.4887421e+001  1.2200000e+001
  7.3000000e+002  1.2339824e+001  4.4842407e+001  1.2200000e+001
  7.4000000e+002  1.2357478e+001  4.4793315e+001  1.2200000e+001
  7.5000000e+002  1.2337065e+001  4.4742470e+001  1.2200000e+001
  7.6000000e+002  1.2329681e+001  4.4692896e+001  1.2200000e+001
  7.7000000e+002  1.2307183e+001  4.4647179e+001  1.2200000e+001
  7.8000000e+002  1.2322582e+001  4.4603132e+001  1.2200000e+001
  7.9000000e+002  1.2198444e+001  4.4569092e+001  1.2200000e+001
  8.0000000e+002  1.2198393e+001  4.4555442e+001  1.2200000e+001
  8.1000000e+002  1.2198342e+001  4.4543857e+001  1.2200000e+001
  8.2000000e+002  1.2198290e+001  4.4531841e+001  1.2200000e+001
  8.3000000e+002  1.2296891e+001  4.4502371e+001  1.2200000e+001
  8.4000000e+002  1.2303529e+001  4.4464621e+001  1.2200000e+001
  8.5000000e+002  1.2339201e+001  4.4419860e+001  1.2200000e+001
  8.6000000e+002  1.2414040e+001  4.4365372e+001  1.2200000e+001
  8.7000000e+002  1.2415107e+001  4.4306777e+001  1.2200000e+001
  8.8000000e+002  1.2382261e+001  4.4248806e+001  1.2200000e+001
  8.9000000e+002  1.2345703e+001  4.4194843e+001  1.2200000e+001
  9.0000000e+002  1.2339045e+001  4.4142633e+001  1.2200000e+001
  9.1000000e+002  1.2330460e+001  4.4099365e+001  1.2200000e+001
  9.2000000e+002  1.2198190e+001  4.4074048e+001  1.2200000e+001
  9.3000000e+002  1.2198142e+001  4.4057674e+001  1.2200000e+001
  9.4000000e+002  1.2377274e+001  4.4020518e+001  1.2200000e+001
  9.5000000e+002  1.2337824e+001  4.3971888e+001  1.2200000e+001
  9.6000000e+002  1.2271967e+001  4.3917240e+001  1.2200000e+001
  9.7000000e+002  1.2292678e+001  4.3858755e+001  1.2200000e+001
  9.8000000e+002  1.2332400e+001  4.3799368e+001  1.2200000e+001
  9.9000000e+002  1.2354609e+001  4.3739687e+001  1.2200000e+001
  1.0000000e+003  1.2338887e+001  4.3683450e+001  1.2200000e+001
  1.0100000e+003  1.2307659e+001  4.3632103e+001  1.2200000e+001
  1.0200000e+003  1.2281024e+001  4.3578280e+001  1.2200000e+001
  1.0300000e+003  1.2291439e+001  4.3527031e+001  1.2200000e+001
  1.0400000e+003  1.2329331e+001  4.3482897e+001  1.2200000e+001
  1.0500000e+003  1.2359861e+001  4.3441836e+001  1.2200000e+001
  1.0600000e+003  1.2381332e+001  4.3399766e+001  1.2200000e+001
  1.0700000e+003  1.2345508e+001  4.3353538e+001  1.2200000e+001
  1.0800000e+003  1.2311695e+001  4.3305499e+001  1.2200000e+001
  1.0900000e+003  1.2310983e+001  4.3252618e+001  1.2200000e+001
  1.1000000e+003  1.2344026e+001  4.3191020e+001  1.2200000e+001
  1.1100000e+003  1.2352534e+001  4.3134807e+001  1.2200000e+001
  1.1200000e+003  1.2358844e+001  4.3078107e+001  1.2200000e+001
  1.1300000e+003  1.2329245e+001  4.3022042e+001  1.2200000e+001
  1.1400000e+003  1.2290950e+001  4.2966276e+001  1.2200000e+001
  1.1500000e+003  1.2279166e+001  4.2912691e+001  1.2200000e+001
  1.1600000e+003  1.2290805e+001  4.2863568e+001  1.2200000e+001
  1.1700000e+003  1.2330211e+001  4.2816356e+001  1.2200000e+001
  1.1800000e+003  1.2347231e+001  4.2774107e+001  1.2200000e+001
  1.1900000e+003  1.2198100e+001  4.2741206e+001  1.2200000e+001
  1.2000000e+003  1.2198043e+001  4.2708969e+001  1.2200000e+001
  1.2100000e+003  1.2246669e+001  4.2673059e+001  1.2200000e+001
  1.2200000e+003  1.2262713e+001  4.2630122e+001  1.2200000e+001
  1.2300000e+003  1.2301968e+001  4.2584132e+001  1.2200000e+001
  1.2400000e+003  1.2328342e+001  4.2536095e+001  1.2200000e+001
  1.2500000e+003  1.2317587e+001  4.2485681e+001  1.2200000e+001
  1.2600000e+003  1.2375968e+001  4.2434273e+001  1.2200000e+001
  1.2700000e+003  1.2345670e+001  4.2385466e+001  1.2200000e+001
  1.2800000e+003  1.2350920e+001  4.2342859e+001  1.2200000e+001
  1.2900000e+003  1.2386896e+001  4.2302920e+001  1.2200000e+001
  1.3000000e+003  1.2420523e+001  4.2263039e+001  1.2200000e+001
  1.3100000e+003  1.2407557e+001  4.2221539e+001  1.2200000e+001
  1.3200000e+003  1.2374319e+001  4.2179322e+001  1.2200000e+001
  1.3300000e+003  1.2338043e+001  4.2133676e+001  1.2200000e+001
  1.3400000e+003  1.2332079e+001  4.2081175e+001  1.2200000e+001
  1.3500000e+003  1.2361911e+001  4.2025740e+001  1.2200000e+001
  1.3600000e+003  1.2376244e+001  4.1966803e+001  1.2200000e+001
  1.3700000e+003  1.2387690e+001  4.1907511e+001  1.2200000e+001
  1.3800000e+003  1.2361860e+001  4.1850758e+001  1.2200000e+001
  1.3900000e+003  1.2203508e+001  4.1805407e+001  1.2200000e+001
  1.4000000e+003  1.2305798e+001  4.1769223e+001  1.2200000e+001
  1.4100000e+003  1.2198000e+001  4.1733594e+001  1.2200000e+001
  1.4200000e+003  1.2371166e+001  4.1693698e+001  1.2200000e+001
  1.4300000e+003  1.2392788e+001  4.1644774e+001  1.2200000e+001
  1.4400000e+003  1.2376423e+001  4.1585560e+001  1.2200000e+001
  1.4500000e+003  1.2337115e+001  4.1532225e+001  1.2200000e+001
  1.4600000e+003  1.2318645e+001  4.1476835e+001  1.2200000e+001
  1.4700000e+003  1.2329738e+001  4.1416108e+001  1.2200000e+001
  1.4800000e+003  1.2367836e+001  4.1361141e+001  1.2200000e+001
  1.4900000e+003  1.2397911e+001  4.1308347e+001  1.2200000e+001
  1.5000000e+003  1.2392313e+001  4.1256538e+001  1.2200000e+001
  1.5100000e+003  1.2309640e+001  4.1208141e+001  1.2200000e+001
  1.5200000e+003  1.2276199e+001  4.1166384e+001  1.2200000e+001
  1.5300000e+003  1.2276189e+001  4.1127468e+001  1.2200000e+001
  1.5400000e+003  1.2309617e+001  4.1087151e+001  1.2200000e+001
  1.5500000e+003  1.2345749e+001  4.1041990e+001  1.2200000e+001
  1.5600000e+003  1.2432846e+001  4.0994727e+001  1.2200000e+001
  1.5700000e+003  1.2402789e+001  4.0951662e+001  1.2200000e+001
  1.5800000e+003  1.2197942e+001  4.0918930e+001  1.2200000e+001
  1.5900000e+003  1.2197889e+001  4.0886443e+001  1.2200000e+001
  1.6000000e+003  1.2197838e+001  4.0855241e+001  1.2200000e+001
  1.6100000e+003  1.2197788e+001  4.0825142e+001  1.2200000e+001
  1.6200000e+003  1.2197740e+001  4.0795473e+001  1.2200000e+001
  1.6300000e+003  1.2392551e+001  4.0760327e+001  1.2200000e+001
  1.6400000e+003  1.2352820e+001  4.0713203e+001  1.2200000e+001
  1.6500000e+003  1.2331493e+001  4.0660939e+001  1.2200000e+001
  1.6600000e+003  1.2331954e+001  4.0603947e+001  1.2200000e+001
  1.6700000e+003  1.2371310e+001  4.0543539e+001  1.2200000e+001
  1.6800000e+003  1.2397154e+001  4.0487022e+001  1.2200000e+001
  1.6900000e+003  1.2385724e+001  4.0430479e+001  1.2200000e+001
  1.7000000e+003  1.2347529e+001  4.0375441e+001  1.2200000e+001
  1.7100000e+003  1.2283990e+001  4.0321071e+001  1.2200000e+001
  1.7200000e+003  1.2289933e+001  4.0271437e+001  1.2200000e+001
  1.7300000e+003  1.2326202e+001  4.0231483e+001  1.2200000e+001
  1.7400000e+003  1.2359449e+001  4.0195677e+001  1.2200000e+001
  1.7500000e+003  1.2359107e+001  4.0156424e+001  1.2200000e+001
  1.7600000e+003  1.2329979e+001  4.0107107e+001  1.2200000e+001
  1.7700000e+003  1.2293995e+001  4.0053440e+001  1.2200000e+001
  1.7800000e+003  1.2288728e+001  4.0002216e+001  1.2200000e+001
  1.7900000e+003  1.2319019e+001  3.9959047e+001  1.2200000e+001
  1.8000000e+003  1.2357021e+001  3.9919369e+001  1.2200000e+001
  1.8100000e+003  1.2197709e+001  3.9884721e+001  1.2200000e+001
  1.8200000e+003  1.2412648e+001  3.9849963e+001  1.2200000e+001
  1.8300000e+003  1.2373390e+001  3.9815853e+001  1.2200000e+001
  1.8400000e+003  1.2197633e+001  3.9783516e+001  1.2200000e+001
  1.8500000e+003  1.2197581e+001  3.9750665e+001  1.2200000e+001
  1.8600000e+003  1.2197531e+001  3.9717538e+001  1.2200000e+001
  1.8700000e+003  1.2197484e+001  3.9684703e+001  1.2200000e+001
  1.8800000e+003  1.2197437e+001  3.9652673e+001  1.2200000e+001
  1.8900000e+003  1.2197387e+001  3.9620990e+001  1.2200000e+001
  1.9000000e+003  1.2197334e+001  3.9588486e+001  1.2200000e+001
  1.9100000e+003  1.2332970e+001  3.9554005e+001  1.2200000e+001
  1.9200000e+003  1.2371260e+001  3.9518673e+001  1.2200000e+001
  1.9300000e+003  1.2400870e+001  3.9481215e+001  1.2200000e+001
  1.9400000e+003  1.2394577e+001  3.9439773e+001  1.2200000e+001
  1.9500000e+003  1.2358166e+001  3.9396629e+001  1.2200000e+001
  1.9600000e+003  1.2315335e+001  3.9356677e+001  1.2200000e+001
  1.9700000e+003  1.2197293e+001  3.9324649e+001  1.2200000e+001
  1.9800000e+003  1.2349831e+001  3.9282077e+001  1.2200000e+001
  1.9900000e+003  1.2385665e+001  3.9230586e+001  1.2200000e+001
  2.0000000e+003  1.2390584e+001  3.9173999e+001  1.2200000e+001
  2.0100000e+003  1.2358389e+001  3.9133755e+001  1.2200000e+001
  2.0200000e+003  1.2320492e+001  3.9090668e+001  1.2200000e+001
  2.0300000e+003  1.2310059e+001  3.9043272e+001  1.2200000e+001
  2.0400000e+003  1.2336681e+001  3.8994051e+001  1.2200000e+001
  2.0500000e+003  1.2375883e+001  3.8946466e+001  1.2200000e+001
  2.0600000e+003  1.2418541e+001  3.8903563e+001  1.2200000e+001
  2.0700000e+003  1.2396349e+001  3.8862684e+001  1.2200000e+001
  2.0800000e+003  1.2356626e+001  3.8821252e+001  1.2200000e+001
  2.0900000e+003  1.2335896e+001  3.8777321e+001  1.2200000e+001
  2.1000000e+003  1.2353217e+001  3.8732301e+001  1.2200000e+001
  2.1100000e+003  1.2320673e+001  3.8688654e+001  1.2200000e+001
  2.1200000e+003  1.2345974e+001  3.8648648e+001  1.2200000e+001
  2.1300000e+003  1.2333872e+001  3.8610214e+001  1.2200000e+001
  2.1400000e+003  1.2295489e+001  3.8567495e+001  1.2200000e+001
  2.1500000e+003  1.2266114e+001  3.8514603e+001  1.2200000e+001
  2.1600000e+003  1.2320443e+001  3.8457334e+001  1.2200000e+001
  2.1700000e+003  1.2356997e+001  3.8401020e+001  1.2200000e+001
  2.1800000e+003  1.2389854e+001  3.8349601e+001  1.2200000e+001
  2.1900000e+003  1.2388808e+001  3.8300318e+001  1.2200000e+001
  2.2000000e+003  1.2354821e+001  3.8258255e+001  1.2200000e+001
  2.2100000e+003  1.2331181e+001  3.8218792e+001  1.2200000e+001
  2.2200000e+003  1.2326612e+001  3.8181798e+001  1.2200000e+001
  2.2300000e+003  1.2357354e+001  3.8141228e+001  1.2200000e+001
  2.2400000e+003  1.2395144e+001  3.8086461e+001  1.2200000e+001
  2.2500000e+003  1.2405238e+001  3.8025519e+001  1.2200000e+001
  2.2600000e+003  1.2355921e+001  3.7969564e+001  1.2200000e+001
  2.2700000e+003  1.2316776e+001  3.7928281e+001  1.2200000e+001
  2.2800000e+003  1.2301361e+001  3.7893345e+001  1.2200000e+001
  2.2900000e+003  1.2323845e+001  3.7849570e+001  1.2200000e+001
  2.3000000e+003  1.2363558e+001  3.7801533e+001  1.2200000e+001
  2.3100000e+003  1.2421830e+001  3.7755827e+001  1.2200000e+001
  2.3200000e+003  1.2404195e+001  3.7709428e+001  1.2200000e+001
  2.3300000e+003  1.2364708e+001  3.7665404e+001  1.2200000e+001
  2.3400000e+003  1.2339674e+001  3.7622448e+001  1.2200000e+001
  2.3500000e+003  1.2352110e+001  3.7579311e+001  1.2200000e+001
  2.3600000e+003  1.2332636e+001  3.7535092e+001  1.2200000e+001
  2.3700000e+003  1.2361769e+001  3.7490399e+001  1.2200000e+001
  2.3800000e+003  1.2354783e+001  3.7444980e+001  1.2200000e+001
  2.3900000e+003  1.2318096e+001  3.7398319e+001  1.2200000e+001
  2.4000000e+003  1.2285438e+001  3.7351129e+001  1.2200000e+001
  2.4100000e+003  1.2331624e+001  3.7301681e+001  1.2200000e+001
  2.4200000e+003  1.2365795e+001  3.7247758e+001  1.2200000e+001
  2.4300000e+003  1.2401319e+001  3.7191918e+001  1.2200000e+001
  2.4400000e+003  1.2405539e+001  3.7140240e+001  1.2200000e+001
  2.4500000e+003  1.2374575e+001  3.7098695e+001  1.2200000e+001
  2.4600000e+003  1.2296275e+001  3.7061514e+001  1.2200000e+001
  2.4700000e+003  1.2286518e+001  3.7025514e+001  1.2200000e+001
  2.4800000e+003  1.2313659e+001  3.6989189e+001  1.2200000e+001
  2.4900000e+003  1.2352740e+001  3.6952690e+001  1.2200000e+001
  2.5000000e+003  1.2367831e+001  3.6914357e+001  1.2200000e+001
  2.5100000e+003  1.2405474e+001  3.6872222e+001  1.2200000e+001
  2.5200000e+003  1.2365777e+001  3.6828458e+001  1.2200000e+001
  2.5300000e+003  1.2345651e+001  3.6783243e+001  1.2200000e+001
  2.5400000e+003  1.2363602e+001  3.6735990e+001  1.2200000e+001
  2.5500000e+003  1.2403127e+001  3.6687877e+001  1.2200000e+001
  2.5600000e+003  1.2398435e+001  3.6644364e+001  1.2200000e+001
  2.5700000e+003  1.2197248e+001  3.6611231e+001  1.2200000e+001
  2.5800000e+003  1.2347104e+001  3.6569804e+001  1.2200000e+001
  2.5900000e+003  1.2318207e+001  3.6522217e+001  1.2200000e+001
  2.6000000e+003  1.2325540e+001  3.6470887e+001  1.2200000e+001
  2.6100000e+003  1.2302980e+001  3.6417890e+001  1.2200000e+001
  2.6200000e+003  1.2335432e+001  3.6361952e+001  1.2200000e+001
  2.6300000e+003  1.2333683e+001  3.6300822e+001  1.2200000e+001
  2.6400000e+003  1.2299338e+001  3.6237479e+001  1.2200000e+001
  2.6500000e+003  1.2263972e+001  3.6183265e+001  1.2200000e+001
  2.6600000e+003  1.2249895e+001  3.6145999e+001  1.2200000e+001
  2.6700000e+003  1.2281101e+001  3.6104058e+001  1.2200000e+001
  2.6800000e+003  1.2318668e+001  3.6057593e+001  1.2200000e+001
  2.6900000e+003  1.2328080e+001  3.6008176e+001  1.2200000e+001
  2.7000000e+003  1.2300684e+001  3.5962029e+001  1.2200000e+001
  2.7100000e+003  1.2273046e+001  3.5918224e+001  1.2200000e+001
  2.7200000e+003  1.2197210e+001  3.5884349e+001  1.2200000e+001
  2.7300000e+003  1.2281341e+001  3.5848808e+001  1.2200000e+001
  2.7400000e+003  1.2321028e+001  3.5795563e+001  1.2200000e+001
  2.7500000e+003  1.2340851e+001  3.5751811e+001  1.2200000e+001
  2.7600000e+003  1.2402528e+001  3.5703916e+001  1.2200000e+001
  2.7700000e+003  1.2362974e+001  3.5658927e+001  1.2200000e+001
  2.7800000e+003  1.2338490e+001  3.5623060e+001  1.2200000e+001
  2.7900000e+003  1.2197125e+001  3.5591143e+001  1.2200000e+001
  2.8000000e+003  1.2390234e+001  3.5557345e+001  1.2200000e+001
  2.8100000e+003  1.2427800e+001  3.5516956e+001  1.2200000e+001
  2.8200000e+003  1.2420122e+001  3.5473706e+001  1.2200000e+001
  2.8300000e+003  1.2383171e+001  3.5428965e+001  1.2200000e+001
  2.8400000e+003  1.2350919e+001  3.5382904e+001  1.2200000e+001
  2.8500000e+003  1.2353019e+001  3.5336302e+001  1.2200000e+001
  2.8600000e+003  1.2388425e+001  3.5291840e+001  1.2200000e+001
  2.8700000e+003  1.2423629e+001  3.5252301e+001  1.2200000e+001
  2.8800000e+003  1.2427149e+001  3.5214880e+001  1.2200000e+001
  2.8900000e+003  1.2395750e+001  3.5176505e+001  1.2200000e+001
  2.9000000e+003  1.2358299e+001  3.5134713e+001  1.2200000e+001
  2.9100000e+003  1.2283786e+001  3.5091438e+001  1.2200000e+001
  2.9200000e+003  1.2311431e+001  3.5049237e+001  1.2200000e+001
  2.9300000e+003  1.2350379e+001  3.5010294e+001  1.2200000e+001
  2.9400000e+003  1.2364818e+001  3.4972762e+001  1.2200000e+001
  2.9500000e+003  1.2341471e+001  3.4934148e+001  1.2200000e+001
  2.9600000e+003  1.2321714e+001  3.4892308e+001  1.2200000e+001
  2.9700000e+003  1.2302198e+001  3.4849072e+001  1.2200000e+001
  2.9800000e+003  1.2320774e+001  3.4809200e+001  1.2200000e+001
  2.9900000e+003  1.2197063e+001  3.4777421e+001  1.2200000e+001
  3.0000000e+003  1.2384571e+001  3.4732980e+001  1.2200000e+001
  3.0100000e+003  1.2366104e+001  3.4686206e+001  1.2200000e+001
  3.0200000e+003  1.2327382e+001  3.4637143e+001  1.2200000e+001
  3.0300000e+003  1.2298972e+001  3.4587051e+001  1.2200000e+001
  3.0400000e+003  1.2306995e+001  3.4535082e+001  1.2200000e+001
  3.0500000e+003  1.2344074e+001  3.4489158e+001  1.2200000e+001
  3.0600000e+003  1.2411465e+001  3.4438645e+001  1.2200000e+001
  3.0700000e+003  1.2409017e+001  3.4391182e+001  1.2200000e+001
  3.0800000e+003  1.2374323e+001  3.4353246e+001  1.2200000e+001
  3.0900000e+003  1.2339284e+001  3.4319437e+001  1.2200000e+001
  3.1000000e+003  1.2336114e+001  3.4285135e+001  1.2200000e+001
  3.1100000e+003  1.2374015e+001  3.4247094e+001  1.2200000e+001
  3.1200000e+003  1.2411348e+001  3.4207414e+001  1.2200000e+001
  3.1300000e+003  1.2198063e+001  3.4171414e+001  1.2200000e+001
  3.1400000e+003  1.2392173e+001  3.4129597e+001  1.2200000e+001
  3.1500000e+003  1.2353296e+001  3.4090605e+001  1.2200000e+001
  3.1600000e+003  1.2303761e+001  3.4049320e+001  1.2200000e+001
  3.1700000e+003  1.2327388e+001  3.3998933e+001  1.2200000e+001
  3.1800000e+003  1.2367033e+001  3.3944587e+001  1.2200000e+001
  3.1900000e+003  1.2386243e+001  3.3890237e+001  1.2200000e+001
  3.2000000e+003  1.2367357e+001  3.3838457e+001  1.2200000e+001
  3.2100000e+003  1.2289600e+001  3.3787812e+001  1.2200000e+001
  3.2200000e+003  1.2265672e+001  3.3735584e+001  1.2200000e+001
  3.2300000e+003  1.2279436e+001  3.3679234e+001  1.2200000e+001
  3.2400000e+003  1.2318236e+001  3.3621106e+001  1.2200000e+001
  3.2500000e+003  1.2346399e+001  3.3568844e+001  1.2200000e+001
  3.2600000e+003  1.2361242e+001  3.3524544e+001  1.2200000e+001
  3.2700000e+003  1.2324040e+001  3.3477531e+001  1.2200000e+001
  3.2800000e+003  1.2292204e+001  3.3429512e+001  1.2200000e+001
  3.2900000e+003  1.2295005e+001  3.3381117e+001  1.2200000e+001
  3.3000000e+003  1.2329869e+001  3.3332583e+001  1.2200000e+001
  3.3100000e+003  1.2367970e+001  3.3283547e+001  1.2200000e+001
  3.3200000e+003  1.2370789e+001  3.3233528e+001  1.2200000e+001
  3.3300000e+003  1.2338964e+001  3.3183089e+001  1.2200000e+001
  3.3400000e+003  1.2301754e+001  3.3134869e+001  1.2200000e+001
  3.3500000e+003  1.2293370e+001  3.3091660e+001  1.2200000e+001
  3.3600000e+003  1.2294901e+001  3.3050605e+001  1.2200000e+001
  3.3700000e+003  1.2333703e+001  3.3009546e+001  1.2200000e+001
  3.3800000e+003  1.2347483e+001  3.2967072e+001  1.2200000e+001
  3.3900000e+003  1.2323571e+001  3.2923974e+001  1.2200000e+001
  3.4000000e+003  1.2283951e+001  3.2884298e+001  1.2200000e+001
  3.4100000e+003  1.2197007e+001  3.2852335e+001  1.2200000e+001
  3.4200000e+003  1.2279977e+001  3.2809906e+001  1.2200000e+001
  3.4300000e+003  1.2319621e+001  3.2761493e+001  1.2200000e+001
  3.4400000e+003  1.2343265e+001  3.2708745e+001  1.2200000e+001
  3.4500000e+003  1.2329171e+001  3.2654092e+001  1.2200000e+001
  3.4600000e+003  1.2353660e+001  3.2601938e+001  1.2200000e+001
  3.4700000e+003  1.2325750e+001  3.2556116e+001  1.2200000e+001
  3.4800000e+003  1.2334461e+001  3.2506544e+001  1.2200000e+001
  3.4900000e+003  1.2371787e+001  3.2456459e+001  1.2200000e+001
  3.5000000e+003  1.2403411e+001  3.2407728e+001  1.2200000e+001
  3.5100000e+003  1.2385330e+001  3.2359608e+001  1.2200000e+001
  3.5200000e+003  1.2350298e+001  3.2312795e+001  1.2200000e+001
  3.5300000e+003  1.2315596e+001  3.2268372e+001  1.2200000e+001
  3.5400000e+003  1.2313128e+001  3.2224969e+001  1.2200000e+001
  3.5500000e+003  1.2345163e+001  3.2185903e+001  1.2200000e+001
  3.5600000e+003  1.2382613e+001  3.2150545e+001  1.2200000e+001
  3.5700000e+003  1.2390668e+001  3.2105607e+001  1.2200000e+001
  3.5800000e+003  1.2362271e+001  3.2056720e+001  1.2200000e+001
  3.5900000e+003  1.2323544e+001  3.1996819e+001  1.2200000e+001
  3.6000000e+003  1.2310094e+001  3.1956563e+001  1.2200000e+001
  3.6100000e+003  1.2344075e+001  3.1919500e+001  1.2200000e+001
  3.6200000e+003  1.2384833e+001  3.1881126e+001  1.2200000e+001
  3.6300000e+003  1.2403424e+001  3.1843387e+001  1.2200000e+001
  3.6400000e+003  1.2383922e+001  3.1801624e+001  1.2200000e+001
  3.6500000e+003  1.2196893e+001  3.1771057e+001  1.2200000e+001
  3.6600000e+003  1.2196838e+001  3.1745172e+001  1.2200000e+001
  3.6700000e+003  1.2196783e+001  3.1717253e+001  1.2200000e+001
  3.6800000e+003  1.2366664e+001  3.1681939e+001  1.2200000e+001
  3.6900000e+003  1.2394326e+001  3.1643415e+001  1.2200000e+001
  3.7000000e+003  1.2385273e+001  3.1595468e+001  1.2200000e+001
  3.7100000e+003  1.2352462e+001  3.1549893e+001  1.2200000e+001
  3.7200000e+003  1.2321052e+001  3.1497890e+001  1.2200000e+001
  3.7300000e+003  1.2324555e+001  3.1452882e+001  1.2200000e+001
  3.7400000e+003  1.2359751e+001  3.1413630e+001  1.2200000e+001
  3.7500000e+003  1.2196725e+001  3.1383394e+001  1.2200000e+001
  3.7600000e+003  1.2196677e+001  3.1363995e+001  1.2200000e+001
  3.7700000e+003  1.2196627e+001  3.1352403e+001  1.2200000e+001
  3.7800000e+003  1.2196574e+001  3.1340819e+001  1.2200000e+001
  3.7900000e+003  1.2196520e+001  3.1329234e+001  1.2200000e+001
  3.8000000e+003  1.2196466e+001  3.1317650e+001  1.2200000e+001
  3.8100000e+003  1.2196411e+001  3.1306066e+001  1.2200000e+001
  3.8200000e+003  1.2196359e+001  3.1294481e+001  1.2200000e+001
  3.8300000e+003  1.2196306e+001  3.1282897e+001  1.2200000e+001
  3.8400000e+003  1.2196250e+001  3.1271312e+001  1.2200000e+001
  3.8500000e+003  1.2196191e+001  3.1259728e+001  1.2200000e+001
  3.8600000e+003  1.2196137e+001  3.1248144e+001  1.2200000e+001
  3.8700000e+003  1.2196086e+001  3.1236559e+001  1.2200000e+001
  3.8800000e+003  1.2196038e+001  3.1224975e+001  1.2200000e+001
  3.8900000e+003  1.2195990e+001  3.1213390e+001  1.2200000e+001
  3.9000000e+003  1.2195940e+001  3.1201806e+001  1.2200000e+001
  3.9100000e+003  1.2255939e+001  3.1179420e+001  1.2200000e+001
  3.9200000e+003  1.2265384e+001  3.1128975e+001  1.2200000e+001
  3.9300000e+003  1.2302945e+001  3.1086020e+001  1.2200000e+001
  3.9400000e+003  1.2334139e+001  3.1043058e+001  1.2200000e+001
  3.9500000e+003  1.2330286e+001  3.1005948e+001  1.2200000e+001
  3.9600000e+003  1.2374559e+001  3.0971423e+001  1.2200000e+001
  3.9700000e+003  1.2195873e+001  3.0938782e+001  1.2200000e+001
  3.9800000e+003  1.2195819e+001  3.0908476e+001  1.2200000e+001
  3.9900000e+003  1.2318640e+001  3.0878728e+001  1.2200000e+001
  4.0000000e+003  1.2407718e+001  3.0830781e+001  1.2200000e+001
  4.0100000e+003  1.2398901e+001  3.0785131e+001  1.2200000e+001
  4.0200000e+003  1.2370015e+001  3.0740802e+001  1.2200000e+001
  4.0300000e+003  1.2195747e+001  3.0706458e+001  1.2200000e+001
  4.0400000e+003  1.2195692e+001  3.0692711e+001  1.2200000e+001
  4.0500000e+003  1.2195637e+001  3.0681127e+001  1.2200000e+001
  4.0600000e+003  1.2366698e+001  3.0661747e+001  1.2200000e+001
  4.0700000e+003  1.2389351e+001  3.0609881e+001  1.2200000e+001
  4.0800000e+003  1.2369239e+001  3.0565605e+001  1.2200000e+001
  4.0900000e+003  1.2196130e+001  3.0529305e+001  1.2200000e+001
  4.1000000e+003  1.2306751e+001  3.0486323e+001  1.2200000e+001
  4.1100000e+003  1.2353546e+001  3.0448104e+001  1.2200000e+001
  4.1200000e+003  1.2195547e+001  3.0417654e+001  1.2200000e+001
  4.1300000e+003  1.2195499e+001  3.0399892e+001  1.2200000e+001
  4.1400000e+003  1.2195452e+001  3.0388295e+001  1.2200000e+001
  4.1500000e+003  1.2195403e+001  3.0376711e+001  1.2200000e+001
  4.1600000e+003  1.2195351e+001  3.0365127e+001  1.2200000e+001
  4.1700000e+003  1.2195297e+001  3.0353542e+001  1.2200000e+001
  4.1800000e+003  1.2195245e+001  3.0341958e+001  1.2200000e+001
  4.1900000e+003  1.2195197e+001  3.0319830e+001  1.2200000e+001
  4.2000000e+003  1.2195150e+001  3.0288510e+001  1.2200000e+001
  4.2100000e+003  1.2347396e+001  3.0243854e+001  1.2200000e+001
  4.2200000e+003  1.2310700e+001  3.0198673e+001  1.2200000e+001
  4.2300000e+003  1.2303696e+001  3.0153116e+001  1.2200000e+001
  4.2400000e+003  1.2332822e+001  3.0110748e+001  1.2200000e+001
  4.2500000e+003  1.2369662e+001  3.0076806e+001  1.2200000e+001
  4.2600000e+003  1.2369227e+001  3.0030147e+001  1.2200000e+001
  4.2700000e+003  1.2344205e+001  2.9983639e+001  1.2200000e+001
  4.2800000e+003  1.2304716e+001  2.9932678e+001  1.2200000e+001
  4.2900000e+003  1.2287063e+001  2.9879741e+001  1.2200000e+001
  4.3000000e+003  1.2307477e+001  2.9831632e+001  1.2200000e+001
  4.3100000e+003  1.2393305e+001  2.9795119e+001  1.2200000e+001
  4.3200000e+003  1.2195080e+001  2.9763597e+001  1.2200000e+001
  4.3300000e+003  1.2400408e+001  2.9727364e+001  1.2200000e+001
  4.3400000e+003  1.2361267e+001  2.9677819e+001  1.2200000e+001
  4.3500000e+003  1.2334372e+001  2.9622522e+001  1.2200000e+001
  4.3600000e+003  1.2198207e+001  2.9577893e+001  1.2200000e+001
  4.3700000e+003  1.2195003e+001  2.9560524e+001  1.2200000e+001
  4.3800000e+003  1.2194955e+001  2.9548939e+001  1.2200000e+001
  4.3900000e+003  1.2194909e+001  2.9533319e+001  1.2200000e+001
  4.4000000e+003  1.2382555e+001  2.9493437e+001  1.2200000e+001
  4.4100000e+003  1.2283783e+001  2.9442724e+001  1.2200000e+001
  4.4200000e+003  1.2282715e+001  2.9390385e+001  1.2200000e+001
  4.4300000e+003  1.2315562e+001  2.9341628e+001  1.2200000e+001
  4.4400000e+003  1.2352120e+001  2.9294497e+001  1.2200000e+001
  4.4500000e+003  1.2358777e+001  2.9251799e+001  1.2200000e+001
  4.4600000e+003  1.2197042e+001  2.9217501e+001  1.2200000e+001
  4.4700000e+003  1.2194838e+001  2.9186795e+001  1.2200000e+001
  4.4800000e+003  1.2194780e+001  2.9155347e+001  1.2200000e+001
  4.4900000e+003  1.2307410e+001  2.9119975e+001  1.2200000e+001
  4.5000000e+003  1.2346860e+001  2.9082889e+001  1.2200000e+001
  4.5100000e+003  1.2362368e+001  2.9037667e+001  1.2200000e+001
  4.5200000e+003  1.2341653e+001  2.8983568e+001  1.2200000e+001
  4.5300000e+003  1.2301931e+001  2.8943979e+001  1.2200000e+001
  4.5400000e+003  1.2195015e+001  2.8907795e+001  1.2200000e+001
  4.5500000e+003  1.2295446e+001  2.8864775e+001  1.2200000e+001
  4.5600000e+003  1.2391008e+001  2.8826519e+001  1.2200000e+001
  4.5700000e+003  1.2417647e+001  2.8786353e+001  1.2200000e+001
  4.5800000e+003  1.2407230e+001  2.8737320e+001  1.2200000e+001
  4.5900000e+003  1.2369338e+001  2.8684421e+001  1.2200000e+001
  4.6000000e+003  1.2195526e+001  2.8641894e+001  1.2200000e+001
  4.6100000e+003  1.2194698e+001  2.8624864e+001  1.2200000e+001
  4.6200000e+003  1.2194644e+001  2.8613278e+001  1.2200000e+001
  4.6300000e+003  1.2194593e+001  2.8596076e+001  1.2200000e+001
  4.6400000e+003  1.2386770e+001  2.8552242e+001  1.2200000e+001
  4.6500000e+003  1.2353727e+001  2.8496677e+001  1.2200000e+001
  4.6600000e+003  1.2349747e+001  2.8445515e+001  1.2200000e+001
  4.6700000e+003  1.2343439e+001  2.8403767e+001  1.2200000e+001
  4.6800000e+003  1.2373038e+001  2.8359873e+001  1.2200000e+001
  4.6900000e+003  1.2408681e+001  2.8320771e+001  1.2200000e+001
  4.7000000e+003  1.2194745e+001  2.8283813e+001  1.2200000e+001
  4.7100000e+003  1.2194526e+001  2.8258273e+001  1.2200000e+001
  4.7200000e+003  1.2194474e+001  2.8240279e+001  1.2200000e+001
  4.7300000e+003  1.2194421e+001  2.8228684e+001  1.2200000e+001
  4.7400000e+003  1.2194367e+001  2.8217099e+001  1.2200000e+001
  4.7500000e+003  1.2194316e+001  2.8205515e+001  1.2200000e+001
  4.7600000e+003  1.2194266e+001  2.8193931e+001  1.2200000e+001
  4.7700000e+003  1.2194215e+001  2.8182346e+001  1.2200000e+001
  4.7800000e+003  1.2194162e+001  2.8165743e+001  1.2200000e+001
  4.7900000e+003  1.2300213e+001  2.8128414e+001  1.2200000e+001
  4.8000000e+003  1.2310969e+001  2.8082918e+001  1.2200000e+001
  4.8100000e+003  1.2218759e+001  2.8042228e+001  1.2200000e+001
  4.8200000e+003  1.2194097e+001  2.8017119e+001  1.2200000e+001
  4.8300000e+003  1.2194048e+001  2.7998786e+001  1.2200000e+001
  4.8400000e+003  1.2193998e+001  2.7984853e+001  1.2200000e+001
  4.8500000e+003  1.2193944e+001  2.7958756e+001  1.2200000e+001
  4.8600000e+003  1.2193888e+001  2.7929693e+001  1.2200000e+001
  4.8700000e+003  1.2193833e+001  2.7906703e+001  1.2200000e+001
  4.8800000e+003  1.2193781e+001  2.7895065e+001  1.2200000e+001
  4.8900000e+003  1.2193732e+001  2.7883480e+001  1.2200000e+001
  4.9000000e+003  1.2193681e+001  2.7867926e+001  1.2200000e+001
  4.9100000e+003  1.2279689e+001  2.7827359e+001  1.2200000e+001
  4.9200000e+003  1.2268240e+001  2.7775365e+001  1.2200000e+001
  4.9300000e+003  1.2294071e+001  2.7728814e+001  1.2200000e+001
  4.9400000e+003  1.2193625e+001  2.7701327e+001  1.2200000e+001
  4.9500000e+003  1.2193572e+001  2.7682114e+001  1.2200000e+001
  4.9600000e+003  1.2393150e+001  2.7657143e+001  1.2200000e+001
  4.9700000e+003  1.2370585e+001  2.7614485e+001  1.2200000e+001
  4.9800000e+003  1.2348963e+001  2.7564171e+001  1.2200000e+001
  4.9900000e+003  1.2365330e+001  2.7511641e+001  1.2200000e+001
  5.0000000e+003  1.2404638e+001  2.7459372e+001  1.2200000e+001
  5.0100000e+003  1.2373644e+001  2.7407279e+001  1.2200000e+001
  5.0200000e+003  1.2362546e+001  2.7360250e+001  1.2200000e+001
  5.0300000e+003  1.2324448e+001  2.7323917e+001  1.2200000e+001
  5.0400000e+003  1.2193485e+001  2.7292170e+001  1.2200000e+001
  5.0500000e+003  1.2299925e+001  2.7259600e+001  1.2200000e+001
  5.0600000e+003  1.2358500e+001  2.7222277e+001  1.2200000e+001
  5.0700000e+003  1.2391939e+001  2.7182878e+001  1.2200000e+001
  5.0800000e+003  1.2391947e+001  2.7146074e+001  1.2200000e+001
  5.0900000e+003  1.2193393e+001  2.7116165e+001  1.2200000e+001
  5.1000000e+003  1.2193340e+001  2.7089230e+001  1.2200000e+001
  5.1100000e+003  1.2193284e+001  2.7063640e+001  1.2200000e+001
  5.1200000e+003  1.2193130e+001  2.7038983e+001  1.2200000e+001
  5.1300000e+003  1.2192859e+001  2.7014702e+001  1.2200000e+001
  5.1400000e+003  1.2382396e+001  2.6982383e+001  1.2200000e+001
  5.1500000e+003  1.2356300e+001  2.6932660e+001  1.2200000e+001
  5.1600000e+003  1.2279697e+001  2.6875467e+001  1.2200000e+001
  5.1700000e+003  1.2263312e+001  2.6821485e+001  1.2200000e+001
  5.1800000e+003  1.2284921e+001  2.6779225e+001  1.2200000e+001
  5.1900000e+003  1.2324652e+001  2.6742058e+001  1.2200000e+001
  5.2000000e+003  1.2192509e+001  2.6712912e+001  1.2200000e+001
  5.2100000e+003  1.2192206e+001  2.6698972e+001  1.2200000e+001
  5.2200000e+003  1.2191875e+001  2.6687388e+001  1.2200000e+001
  5.2300000e+003  1.2261390e+001  2.6666359e+001  1.2200000e+001
  5.2400000e+003  1.2273262e+001  2.6614829e+001  1.2200000e+001
  5.2500000e+003  1.2311458e+001  2.6566503e+001  1.2200000e+001
  5.2600000e+003  1.2365929e+001  2.6528148e+001  1.2200000e+001
  5.2700000e+003  1.2191287e+001  2.6501471e+001  1.2200000e+001
  5.2800000e+003  1.2190937e+001  2.6488698e+001  1.2200000e+001
  5.2900000e+003  1.2190551e+001  2.6473481e+001  1.2200000e+001
  5.3000000e+003  1.2290811e+001  2.6440405e+001  1.2200000e+001
  5.3100000e+003  1.2333046e+001  2.6400666e+001  1.2200000e+001
  5.3200000e+003  1.2190214e+001  2.6365304e+001  1.2200000e+001
  5.3300000e+003  1.2189830e+001  2.6343625e+001  1.2200000e+001
  5.3400000e+003  1.2189433e+001  2.6330671e+001  1.2200000e+001
  5.3500000e+003  1.2188995e+001  2.6319086e+001  1.2200000e+001
  5.3600000e+003  1.2188554e+001  2.6302554e+001  1.2200000e+001
  5.3700000e+003  1.2188107e+001  2.6278453e+001  1.2200000e+001
  5.3800000e+003  1.2187669e+001  2.6249663e+001  1.2200000e+001
  5.3900000e+003  1.2432029e+001  2.6212389e+001  1.2200000e+001
  5.4000000e+003  1.2410127e+001  2.6171495e+001  1.2200000e+001
  5.4100000e+003  1.2367637e+001  2.6125750e+001  1.2200000e+001
  5.4200000e+003  1.2346609e+001  2.6072008e+001  1.2200000e+001
  5.4300000e+003  1.2363614e+001  2.6014866e+001  1.2200000e+001
  5.4400000e+003  1.2403018e+001  2.5963967e+001  1.2200000e+001
  5.4500000e+003  1.2187951e+001  2.5928614e+001  1.2200000e+001
  5.4600000e+003  1.2187075e+001  2.5899960e+001  1.2200000e+001
  5.4700000e+003  1.2186523e+001  2.5870125e+001  1.2200000e+001
  5.4800000e+003  1.2253275e+001  2.5833406e+001  1.2200000e+001
  5.4900000e+003  1.2259569e+001  2.5793677e+001  1.2200000e+001
  5.5000000e+003  1.2295981e+001  2.5755844e+001  1.2200000e+001
  5.5100000e+003  1.2186182e+001  2.5724022e+001  1.2200000e+001
  5.5200000e+003  1.2185679e+001  2.5694804e+001  1.2200000e+001
  5.5300000e+003  1.2185141e+001  2.5665263e+001  1.2200000e+001
  5.5400000e+003  1.2184548e+001  2.5633336e+001  1.2200000e+001
  5.5500000e+003  1.2183910e+001  2.5600363e+001  1.2200000e+001
  5.5600000e+003  1.2183274e+001  2.5573523e+001  1.2200000e+001
  5.5700000e+003  1.2182655e+001  2.5561074e+001  1.2200000e+001
  5.5800000e+003  1.2182040e+001  2.5549489e+001  1.2200000e+001
  5.5900000e+003  1.2181395e+001  2.5537905e+001  1.2200000e+001
  5.6000000e+003  1.2180684e+001  2.5519694e+001  1.2200000e+001
  5.6100000e+003  1.2179914e+001  2.5492664e+001  1.2200000e+001
  5.6200000e+003  1.2366366e+001  2.5455079e+001  1.2200000e+001
  5.6300000e+003  1.2406088e+001  2.5398183e+001  1.2200000e+001
  5.6400000e+003  1.2426817e+001  2.5353375e+001  1.2200000e+001
  5.6500000e+003  1.2409493e+001  2.5314950e+001  1.2200000e+001
  5.6600000e+003  1.2178970e+001  2.5284954e+001  1.2200000e+001
  5.6700000e+003  1.2178048e+001  2.5266473e+001  1.2200000e+001
  5.6800000e+003  1.2177076e+001  2.5254831e+001  1.2200000e+001
  5.6900000e+003  1.2176100e+001  2.5243247e+001  1.2200000e+001
  5.7000000e+003  1.2175138e+001  2.5231662e+001  1.2200000e+001
  5.7100000e+003  1.2378530e+001  2.5213090e+001  1.2200000e+001
  5.7200000e+003  1.2362552e+001  2.5163263e+001  1.2200000e+001
  5.7300000e+003  1.2329696e+001  2.5113610e+001  1.2200000e+001
  5.7400000e+003  1.2330743e+001  2.5074953e+001  1.2200000e+001
  5.7500000e+003  1.2364730e+001  2.5037912e+001  1.2200000e+001
  5.7600000e+003  1.2416780e+001  2.5001629e+001  1.2200000e+001
  5.7700000e+003  1.2421350e+001  2.4966810e+001  1.2200000e+001
  5.7800000e+003  1.2173674e+001  2.4934620e+001  1.2200000e+001
  5.7900000e+003  1.2172661e+001  2.4903552e+001  1.2200000e+001
  5.8000000e+003  1.2172534e+001  2.4867716e+001  1.2200000e+001
  5.8100000e+003  1.2171110e+001  2.4851544e+001  1.2200000e+001
  5.8200000e+003  1.2170015e+001  2.4839960e+001  1.2200000e+001
  5.8300000e+003  1.2397520e+001  2.4821088e+001  1.2200000e+001
  5.8400000e+003  1.2391511e+001  2.4771298e+001  1.2200000e+001
  5.8500000e+003  1.2351798e+001  2.4720808e+001  1.2200000e+001
  5.8600000e+003  1.2267540e+001  2.4682702e+001  1.2200000e+001
  5.8700000e+003  1.2168292e+001  2.4648591e+001  1.2200000e+001
  5.8800000e+003  1.2166941e+001  2.4624391e+001  1.2200000e+001
  5.8900000e+003  1.2165605e+001  2.4608252e+001  1.2200000e+001
  5.9000000e+003  1.2164230e+001  2.4596667e+001  1.2200000e+001
  5.9100000e+003  1.2162829e+001  2.4585082e+001  1.2200000e+001
  5.9200000e+003  1.2161303e+001  2.4573498e+001  1.2200000e+001
  5.9300000e+003  1.2159684e+001  2.4561913e+001  1.2200000e+001
  5.9400000e+003  1.2158057e+001  2.4550329e+001  1.2200000e+001
  5.9500000e+003  1.2156465e+001  2.4532793e+001  1.2200000e+001
  5.9600000e+003  1.2339105e+001  2.4499278e+001  1.2200000e+001
  5.9700000e+003  1.2304934e+001  2.4460415e+001  1.2200000e+001
  5.9800000e+003  1.2269410e+001  2.4417982e+001  1.2200000e+001
  5.9900000e+003  1.2265191e+001  2.4371414e+001  1.2200000e+001
  6.0000000e+003  1.2296156e+001  2.4323115e+001  1.2200000e+001
  6.0100000e+003  1.2382514e+001  2.4276535e+001  1.2200000e+001
  6.0200000e+003  1.2392269e+001  2.4234751e+001  1.2200000e+001
  6.0300000e+003  1.2365128e+001  2.4195038e+001  1.2200000e+001
  6.0400000e+003  1.2326047e+001  2.4158675e+001  1.2200000e+001
  6.0500000e+003  1.2153843e+001  2.4128114e+001  1.2200000e+001
  6.0600000e+003  1.2152012e+001  2.4100025e+001  1.2200000e+001
  6.0700000e+003  1.2410104e+001  2.4061706e+001  1.2200000e+001
  6.0800000e+003  1.2430230e+001  2.4010660e+001  1.2200000e+001
  6.0900000e+003  1.2412277e+001  2.3969119e+001  1.2200000e+001
  6.1000000e+003  1.2372204e+001  2.3930196e+001  1.2200000e+001
  6.1100000e+003  1.2150376e+001  2.3894726e+001  1.2200000e+001
  6.1200000e+003  1.2148150e+001  2.3870696e+001  1.2200000e+001
  6.1300000e+003  1.2145919e+001  2.3846880e+001  1.2200000e+001
  6.1400000e+003  1.2143717e+001  2.3815971e+001  1.2200000e+001
  6.1500000e+003  1.2339530e+001  2.3781924e+001  1.2200000e+001
  6.1600000e+003  1.2141441e+001  2.3751186e+001  1.2200000e+001
  6.1700000e+003  1.2139105e+001  2.3729560e+001  1.2200000e+001
  6.1800000e+003  1.2136612e+001  2.3711869e+001  1.2200000e+001
  6.1900000e+003  1.2134094e+001  2.3689486e+001  1.2200000e+001
  6.2000000e+003  1.2405138e+001  2.3654517e+001  1.2200000e+001
  6.2100000e+003  1.2365982e+001  2.3614117e+001  1.2200000e+001
  6.2200000e+003  1.2131985e+001  2.3581214e+001  1.2200000e+001
  6.2300000e+003  1.2129130e+001  2.3567859e+001  1.2200000e+001
  6.2400000e+003  1.2126043e+001  2.3556275e+001  1.2200000e+001
  6.2500000e+003  1.2122866e+001  2.3542663e+001  1.2200000e+001
  6.2600000e+003  1.2384299e+001  2.3508199e+001  1.2200000e+001
  6.2700000e+003  1.2399065e+001  2.3464227e+001  1.2200000e+001
  6.2800000e+003  1.2120864e+001  2.3426267e+001  1.2200000e+001
  6.2900000e+003  1.2117650e+001  2.3408438e+001  1.2200000e+001
  6.3000000e+003  1.2114239e+001  2.3396850e+001  1.2200000e+001
  6.3100000e+003  1.2110711e+001  2.3383606e+001  1.2200000e+001
  6.3200000e+003  1.2365135e+001  2.3353367e+001  1.2200000e+001
  6.3300000e+003  1.2405206e+001  2.3316546e+001  1.2200000e+001
  6.3400000e+003  1.2105842e+001  2.3284615e+001  1.2200000e+001
  6.3500000e+003  1.2102236e+001  2.3268797e+001  1.2200000e+001
  6.3600000e+003  1.2097939e+001  2.3257212e+001  1.2200000e+001
  6.3700000e+003  1.2093328e+001  2.3245628e+001  1.2200000e+001
  6.3800000e+003  1.2088671e+001  2.3234043e+001  1.2200000e+001
  6.3900000e+003  1.2084075e+001  2.3222459e+001  1.2200000e+001
  6.4000000e+003  1.2079408e+001  2.3210874e+001  1.2200000e+001
  6.4100000e+003  1.2074335e+001  2.3199290e+001  1.2200000e+001
  6.4200000e+003  1.2068737e+001  2.3187706e+001  1.2200000e+001
  6.4300000e+003  1.2062717e+001  2.3176121e+001  1.2200000e+001
  6.4400000e+003  1.2056552e+001  2.3164537e+001  1.2200000e+001
  6.4500000e+003  1.2050447e+001  2.3152952e+001  1.2200000e+001
  6.4600000e+003  1.2044524e+001  2.3135826e+001  1.2200000e+001
  6.4700000e+003  1.2329605e+001  2.3097459e+001  1.2200000e+001
  6.4800000e+003  1.2290657e+001  2.3050705e+001  1.2200000e+001
  6.4900000e+003  1.2276220e+001  2.2998715e+001  1.2200000e+001
  6.5000000e+003  1.2299568e+001  2.2941007e+001  1.2200000e+001
  6.5100000e+003  1.2393367e+001  2.2880915e+001  1.2200000e+001
  6.5200000e+003  1.2412887e+001  2.2832741e+001  1.2200000e+001
  6.5300000e+003  1.2394310e+001  2.2782751e+001  1.2200000e+001
  6.5400000e+003  1.2354719e+001  2.2728437e+001  1.2200000e+001
  6.5500000e+003  1.2330514e+001  2.2676506e+001  1.2200000e+001
  6.5600000e+003  1.2346105e+001  2.2632479e+001  1.2200000e+001
  6.5700000e+003  1.2384828e+001  2.2591878e+001  1.2200000e+001
  6.5800000e+003  1.2413237e+001  2.2553776e+001  1.2200000e+001
  6.5900000e+003  1.2037743e+001  2.2532942e+001  1.2200000e+001
  6.6000000e+003  1.2031672e+001  2.2521350e+001  1.2200000e+001
  6.6100000e+003  1.2024546e+001  2.2509766e+001  1.2200000e+001
  6.6200000e+003  1.2016870e+001  2.2498181e+001  1.2200000e+001
  6.6300000e+003  1.2009091e+001  2.2486597e+001  1.2200000e+001
  6.6400000e+003  1.2001436e+001  2.2473720e+001  1.2200000e+001
  6.6500000e+003  1.1993733e+001  2.2444415e+001  1.2200000e+001
  6.6600000e+003  1.2389660e+001  2.2408781e+001  1.2200000e+001
  6.6700000e+003  1.1988230e+001  2.2379410e+001  1.2200000e+001
  6.6800000e+003  1.1979738e+001  2.2366986e+001  1.2200000e+001
  6.6900000e+003  1.1971049e+001  2.2355401e+001  1.2200000e+001
  6.7000000e+003  1.1962538e+001  2.2343817e+001  1.2200000e+001
  6.7100000e+003  1.1953604e+001  2.2323263e+001  1.2200000e+001
  6.7200000e+003  1.1944169e+001  2.2293639e+001  1.2200000e+001
  6.7300000e+003  1.1933821e+001  2.2263841e+001  1.2200000e+001
  6.7400000e+003  1.1922520e+001  2.2237761e+001  1.2200000e+001
  6.7500000e+003  1.1910736e+001  2.2213327e+001  1.2200000e+001
  6.7600000e+003  1.2342285e+001  2.2182441e+001  1.2200000e+001
  6.7700000e+003  1.2366231e+001  2.2136704e+001  1.2200000e+001
  6.7800000e+003  1.2352465e+001  2.2084582e+001  1.2200000e+001
  6.7900000e+003  1.2313665e+001  2.2028377e+001  1.2200000e+001
  6.8000000e+003  1.2285503e+001  2.1967618e+001  1.2200000e+001
  6.8100000e+003  1.2331728e+001  2.1904958e+001  1.2200000e+001
  6.8200000e+003  1.2368935e+001  2.1859113e+001  1.2200000e+001
  6.8300000e+003  1.2400770e+001  2.1817627e+001  1.2200000e+001
  6.8400000e+003  1.2397967e+001  2.1774709e+001  1.2200000e+001
  6.8500000e+003  1.2363103e+001  2.1736114e+001  1.2200000e+001
  6.8600000e+003  1.2334081e+001  2.1695194e+001  1.2200000e+001
  6.8700000e+003  1.2331263e+001  2.1653575e+001  1.2200000e+001
  6.8800000e+003  1.2363090e+001  2.1614997e+001  1.2200000e+001
  6.8900000e+003  1.2400299e+001  2.1577981e+001  1.2200000e+001
  6.9000000e+003  1.2408682e+001  2.1541572e+001  1.2200000e+001
  6.9100000e+003  1.2335375e+001  2.1494437e+001  1.2200000e+001
  6.9200000e+003  1.2296569e+001  2.1449875e+001  1.2200000e+001
  6.9300000e+003  1.2282790e+001  2.1398962e+001  1.2200000e+001
  6.9400000e+003  1.2306703e+001  2.1343845e+001  1.2200000e+001
  6.9500000e+003  1.2346323e+001  2.1284174e+001  1.2200000e+001
  6.9600000e+003  1.2382683e+001  2.1222604e+001  1.2200000e+001
  6.9700000e+003  1.2363488e+001  2.1170116e+001  1.2200000e+001
  6.9800000e+003  1.2323840e+001  2.1131816e+001  1.2200000e+001
  6.9900000e+003  1.2300201e+001  2.1092041e+001  1.2200000e+001
  7.0000000e+003  1.2314295e+001  2.1053807e+001  1.2200000e+001
  7.0100000e+003  1.2337676e+001  2.1008895e+001  1.2200000e+001
  7.0200000e+003  1.2365588e+001  2.0960991e+001  1.2200000e+001
  7.0300000e+003  1.1902170e+001  2.0920521e+001  1.2200000e+001
  7.0400000e+003  1.1882896e+001  2.0897874e+001  1.2200000e+001
  7.0500000e+003  1.1869327e+001  2.0885452e+001  1.2200000e+001
  7.0600000e+003  1.1854565e+001  2.0868531e+001  1.2200000e+001
  7.0700000e+003  1.2309880e+001  2.0833443e+001  1.2200000e+001
  7.0800000e+003  1.2344582e+001  2.0791726e+001  1.2200000e+001
  7.0900000e+003  1.2347049e+001  2.0742024e+001  1.2200000e+001
  7.1000000e+003  1.2315013e+001  2.0688457e+001  1.2200000e+001
  7.1100000e+003  1.2261539e+001  2.0649227e+001  1.2200000e+001
  7.1200000e+003  1.2253031e+001  2.0611497e+001  1.2200000e+001
  7.1300000e+003  1.1942726e+001  2.0573539e+001  1.2200000e+001
  7.1400000e+003  1.1830962e+001  2.0544712e+001  1.2200000e+001
  7.1500000e+003  1.2333892e+001  2.0513764e+001  1.2200000e+001
  7.1600000e+003  1.2345154e+001  2.0472269e+001  1.2200000e+001
  7.1700000e+003  1.2305564e+001  2.0426172e+001  1.2200000e+001
  7.1800000e+003  1.2286974e+001  2.0379104e+001  1.2200000e+001
  7.1900000e+003  1.2306477e+001  2.0332961e+001  1.2200000e+001
  7.2000000e+003  1.2346142e+001  2.0287254e+001  1.2200000e+001
  7.2100000e+003  1.2341563e+001  2.0246738e+001  1.2200000e+001
  7.2200000e+003  1.1806719e+001  2.0217021e+001  1.2200000e+001
  7.2300000e+003  1.1790054e+001  2.0191933e+001  1.2200000e+001
  7.2400000e+003  1.1771749e+001  2.0167905e+001  1.2200000e+001
  7.2500000e+003  1.1752354e+001  2.0143124e+001  1.2200000e+001
  7.2600000e+003  1.1734077e+001  2.0117981e+001  1.2200000e+001
  7.2700000e+003  1.2391317e+001  2.0077007e+001  1.2200000e+001
  7.2800000e+003  1.2387813e+001  2.0028657e+001  1.2200000e+001
  7.2900000e+003  1.2352617e+001  1.9970802e+001  1.2200000e+001
  7.3000000e+003  1.2318088e+001  1.9922050e+001  1.2200000e+001
  7.3100000e+003  1.1722239e+001  1.9886014e+001  1.2200000e+001
  7.3200000e+003  1.1703630e+001  1.9866230e+001  1.2200000e+001
  7.3300000e+003  1.1685702e+001  1.9854610e+001  1.2200000e+001
  7.3400000e+003  1.1667905e+001  1.9834882e+001  1.2200000e+001
  7.3500000e+003  1.1649115e+001  1.9809550e+001  1.2200000e+001
  7.3600000e+003  1.1625193e+001  1.9789853e+001  1.2200000e+001
  7.3700000e+003  1.1598695e+001  1.9778259e+001  1.2200000e+001
  7.3800000e+003  1.1571210e+001  1.9766674e+001  1.2200000e+001
  7.3900000e+003  1.1543847e+001  1.9755021e+001  1.2200000e+001
  7.4000000e+003  1.1516590e+001  1.9727138e+001  1.2200000e+001
  7.4100000e+003  1.2356700e+001  1.9690862e+001  1.2200000e+001
  7.4200000e+003  1.2317019e+001  1.9647916e+001  1.2200000e+001
  7.4300000e+003  1.2293944e+001  1.9595884e+001  1.2200000e+001
  7.4400000e+003  1.2308695e+001  1.9540020e+001  1.2200000e+001
  7.4500000e+003  1.2347708e+001  1.9489787e+001  1.2200000e+001
  7.4600000e+003  1.1525727e+001  1.9454074e+001  1.2200000e+001
  7.4700000e+003  1.1483484e+001  1.9424622e+001  1.2200000e+001
  7.4800000e+003  1.2292054e+001  1.9390833e+001  1.2200000e+001
  7.4900000e+003  1.2260862e+001  1.9343703e+001  1.2200000e+001
  7.5000000e+003  1.2264716e+001  1.9290798e+001  1.2200000e+001
  7.5100000e+003  1.2390533e+001  1.9243904e+001  1.2200000e+001
  7.5200000e+003  1.1449222e+001  1.9213611e+001  1.2200000e+001
  7.5300000e+003  1.1423061e+001  1.9190488e+001  1.2200000e+001
  7.5400000e+003  1.2394211e+001  1.9154825e+001  1.2200000e+001
  7.5500000e+003  1.2357384e+001  1.9107803e+001  1.2200000e+001
  7.5600000e+003  1.2321417e+001  1.9061177e+001  1.2200000e+001
  7.5700000e+003  1.2350301e+001  1.9017388e+001  1.2200000e+001
  7.5800000e+003  1.1394784e+001  1.8984762e+001  1.2200000e+001
  7.5900000e+003  1.2401649e+001  1.8938410e+001  1.2200000e+001
  7.6000000e+003  1.2376902e+001  1.8887298e+001  1.2200000e+001
  7.6100000e+003  1.2306275e+001  1.8835672e+001  1.2200000e+001
  7.6200000e+003  1.2288307e+001  1.8796138e+001  1.2200000e+001
  7.6300000e+003  1.2308420e+001  1.8749313e+001  1.2200000e+001
  7.6400000e+003  1.2348120e+001  1.8688885e+001  1.2200000e+001
  7.6500000e+003  1.2370907e+001  1.8647377e+001  1.2200000e+001
  7.6600000e+003  1.1392590e+001  1.8611205e+001  1.2200000e+001
  7.6700000e+003  1.2281097e+001  1.8569428e+001  1.2200000e+001
  7.6800000e+003  1.2253945e+001  1.8531076e+001  1.2200000e+001
  7.6900000e+003  1.2263683e+001  1.8491266e+001  1.2200000e+001
  7.7000000e+003  1.2301357e+001  1.8443945e+001  1.2200000e+001
  7.7100000e+003  1.2382602e+001  1.8393345e+001  1.2200000e+001
  7.7200000e+003  1.2378401e+001  1.8346305e+001  1.2200000e+001
  7.7300000e+003  1.2342884e+001  1.8309005e+001  1.2200000e+001
  7.7400000e+003  1.1378371e+001  1.8275910e+001  1.2200000e+001
  7.7500000e+003  1.2307295e+001  1.8237107e+001  1.2200000e+001
  7.7600000e+003  1.2300071e+001  1.8196950e+001  1.2200000e+001
  7.7700000e+003  1.2336762e+001  1.8161077e+001  1.2200000e+001
  7.7800000e+003  1.1339114e+001  1.8131455e+001  1.2200000e+001
  7.7900000e+003  1.1303881e+001  1.8112945e+001  1.2200000e+001
  7.8000000e+003  1.1265137e+001  1.8101317e+001  1.2200000e+001
  7.8100000e+003  1.1227265e+001  1.8089519e+001  1.2200000e+001
  7.8200000e+003  1.1188944e+001  1.8064717e+001  1.2200000e+001
  7.8300000e+003  1.1151330e+001  1.8036006e+001  1.2200000e+001
  7.8400000e+003  1.2428260e+001  1.7994225e+001  1.2200000e+001
  7.8500000e+003  1.2407845e+001  1.7947897e+001  1.2200000e+001
  7.8600000e+003  1.2306210e+001  1.7902617e+001  1.2200000e+001
  7.8700000e+003  1.2283707e+001  1.7856306e+001  1.2200000e+001
  7.8800000e+003  1.2299108e+001  1.7811918e+001  1.2200000e+001
  7.8900000e+003  1.2338249e+001  1.7768407e+001  1.2200000e+001
  7.9000000e+003  1.2365057e+001  1.7728860e+001  1.2200000e+001
  7.9100000e+003  1.1112332e+001  1.7699742e+001  1.2200000e+001
  7.9200000e+003  1.1072837e+001  1.7685663e+001  1.2200000e+001
  7.9300000e+003  1.1029280e+001  1.7671971e+001  1.2200000e+001
  7.9400000e+003  1.0982996e+001  1.7642777e+001  1.2200000e+001
  7.9500000e+003  1.2395067e+001  1.7608331e+001  1.2200000e+001
  7.9600000e+003  1.0934478e+001  1.7580135e+001  1.2200000e+001
  7.9700000e+003  1.0883483e+001  1.7568013e+001  1.2200000e+001
  7.9800000e+003  1.0829007e+001  1.7556429e+001  1.2200000e+001
  7.9900000e+003  1.0769022e+001  1.7541651e+001  1.2200000e+001
  8.0000000e+003  1.2262697e+001  1.7503530e+001  1.2200000e+001
  8.0100000e+003  1.2330153e+001  1.7454777e+001  1.2200000e+001
  8.0200000e+003  1.2368543e+001  1.7399731e+001  1.2200000e+001
  8.0300000e+003  1.2380660e+001  1.7359013e+001  1.2200000e+001
  8.0400000e+003  1.2355367e+001  1.7315602e+001  1.2200000e+001
  8.0500000e+003  1.2303437e+001  1.7276499e+001  1.2200000e+001
  8.0600000e+003  1.0730925e+001  1.7240039e+001  1.2200000e+001
  8.0700000e+003  1.0670369e+001  1.7215095e+001  1.2200000e+001
  8.0800000e+003  1.0610851e+001  1.7199237e+001  1.2200000e+001
  8.0900000e+003  1.0552367e+001  1.7187652e+001  1.2200000e+001
  8.1000000e+003  1.0492962e+001  1.7176766e+001  1.2200000e+001
  8.1100000e+003  1.0429859e+001  1.7176550e+001  1.2200000e+001
  8.1200000e+003  1.0359314e+001  1.7176550e+001  1.2200000e+001
  8.1300000e+003  1.0284940e+001  1.7176550e+001  1.2200000e+001
  8.1400000e+003  1.0210713e+001  1.7176550e+001  1.2200000e+001
  8.1500000e+003  1.0138239e+001  1.7176550e+001  1.2200000e+001
  8.1600000e+003  1.0074458e+001  1.7176550e+001  1.2200000e+001
  8.1700000e+003  1.0007290e+001  1.7176550e+001  1.2200000e+001
  8.1800000e+003  9.9328259e+000  1.7176550e+001  1.2200000e+001
  8.1900000e+003  9.8531816e+000  1.7176550e+001  1.2200000e+001
  8.2000000e+003  9.7733153e+000  1.7176550e+001  1.2200000e+001
  8.2100000e+003  9.6853561e+000  1.7176550e+001  1.2200000e+001
  8.2200000e+003  1.2360744e+001  1.7176370e+001  1.2200000e+001
  8.2300000e+003  1.2388844e+001  1.7174981e+001  1.2200000e+001
  8.2400000e+003  1.2350549e+001  1.7173592e+001  1.2200000e+001
  8.2500000e+003  1.2338767e+001  1.7172204e+001  1.2200000e+001
  8.2600000e+003  1.2387575e+001  1.7170815e+001  1.2200000e+001
  8.2700000e+003  1.2426982e+001  1.7169426e+001  1.2200000e+001
  8.2800000e+003  1.2444001e+001  1.7168037e+001  1.2200000e+001
  8.2900000e+003  1.2422985e+001  1.7166648e+001  1.2200000e+001
  8.3000000e+003  1.2383257e+001  1.7165259e+001  1.2200000e+001
  8.3100000e+003  1.2410704e+001  1.7163870e+001  1.2200000e+001
  8.3200000e+003  1.2426754e+001  1.7162481e+001  1.2200000e+001
  8.3300000e+003  1.2466009e+001  1.7161092e+001  1.2200000e+001
  8.3400000e+003  1.2492382e+001  1.7159704e+001  1.2200000e+001
  8.3500000e+003  1.2481625e+001  1.7158315e+001  1.2200000e+001
  8.3600000e+003  1.2383074e+001  1.7156926e+001  1.2200000e+001
  8.3700000e+003  1.2352768e+001  1.7155537e+001  1.2200000e+001
  8.3800000e+003  1.2358020e+001  1.7154148e+001  1.2200000e+001
  8.3900000e+003  1.2393997e+001  1.7152759e+001  1.2200000e+001
  8.4000000e+003  1.2427623e+001  1.7151370e+001  1.2200000e+001
  8.4100000e+003  1.2407646e+001  1.7149981e+001  1.2200000e+001
  8.4200000e+003  1.2374407e+001  1.7148592e+001  1.2200000e+001
  8.4300000e+003  1.2338131e+001  1.7147204e+001  1.2200000e+001
  8.4400000e+003  1.2332169e+001  1.7145815e+001  1.2200000e+001
  8.4500000e+003  1.2362003e+001  1.7144426e+001  1.2200000e+001
  8.4600000e+003  1.2420267e+001  1.7143037e+001  1.2200000e+001
  8.4700000e+003  1.2431714e+001  1.7141648e+001  1.2200000e+001
  8.4800000e+003  1.2405882e+001  1.7140259e+001  1.2200000e+001
  8.4900000e+003  1.2366523e+001  1.7138870e+001  1.2200000e+001
  8.5000000e+003  1.2349822e+001  1.7137481e+001  1.2200000e+001
  8.5100000e+003  1.2385170e+001  1.7136092e+001  1.2200000e+001
  8.5200000e+003  1.2424903e+001  1.7134704e+001  1.2200000e+001
  8.5300000e+003  1.2446523e+001  1.7133315e+001  1.2200000e+001
  8.5400000e+003  1.2430155e+001  1.7131926e+001  1.2200000e+001
  8.5500000e+003  1.2390847e+001  1.7130537e+001  1.2200000e+001
  8.5600000e+003  1.2386348e+001  1.7129148e+001  1.2200000e+001
  8.5700000e+003  1.2397444e+001  1.7127759e+001  1.2200000e+001
  8.5800000e+003  1.2435542e+001  1.7126370e+001  1.2200000e+001
  8.5900000e+003  1.2465616e+001  1.7124981e+001  1.2200000e+001
  8.6000000e+003  1.2460015e+001  1.7123592e+001  1.2200000e+001
  8.6100000e+003  1.2379812e+001  1.7122204e+001  1.2200000e+001
  8.6200000e+003  1.2346372e+001  1.7120815e+001  1.2200000e+001
  8.6300000e+003  1.2346365e+001  1.7119426e+001  1.2200000e+001
  8.6400000e+003  1.2379794e+001  1.7118037e+001  1.2200000e+001
  8.6500000e+003  1.2415925e+001  1.7116648e+001  1.2200000e+001
  8.6600000e+003  1.2472136e+001  1.7115259e+001  1.2200000e+001
  8.6700000e+003  1.2442075e+001  1.7113870e+001  1.2200000e+001
  8.6800000e+003  1.2403973e+001  1.7112481e+001  1.2200000e+001
  8.6900000e+003  1.2392865e+001  1.7111092e+001  1.2200000e+001
  8.7000000e+003  1.2418963e+001  1.7109704e+001  9.6081171e+000
  8.7100000e+003  1.2489568e+001  1.7108315e+001  9.6339068e+000
  8.7200000e+003  1.2505950e+001  1.7106926e+001  9.6594399e+000
  8.7300000e+003  1.2484341e+001  1.7105537e+001  9.6847188e+000
  8.7400000e+003  1.2444610e+001  1.7104148e+001  9.7097463e+000
  8.7500000e+003  1.2423285e+001  1.7102759e+001  9.7345248e+000
  8.7600000e+003  1.2400121e+001  1.7101370e+001  9.7590566e+000
  8.7700000e+003  1.2439476e+001  1.7099981e+001  9.7833444e+000
  8.7800000e+003  1.2465318e+001  1.7098592e+001  9.8073906e+000
  8.7900000e+003  1.2453886e+001  1.7097204e+001  9.8311974e+000
  8.8000000e+003  1.2415690e+001  1.7095815e+001  9.8547674e+000
  8.8100000e+003  1.2381096e+001  1.7094426e+001  9.8781029e+000
  8.8200000e+003  1.2387044e+001  1.7093037e+001  9.9012061e+000
  8.8300000e+003  1.2423314e+001  1.7091648e+001  9.9240795e+000
  8.8400000e+003  1.2456560e+001  1.7090259e+001  9.9467253e+000
  8.8500000e+003  1.2456215e+001  1.7088870e+001  9.9691457e+000
  8.8600000e+003  1.2465729e+001  1.7087481e+001  9.9913431e+000
  8.8700000e+003  1.2429749e+001  1.7086092e+001  1.0013320e+001
  8.8800000e+003  1.2424483e+001  1.7084704e+001  1.0035077e+001
  8.8900000e+003  1.2454776e+001  1.7083315e+001  1.0056619e+001
  8.9000000e+003  1.2492777e+001  1.7081926e+001  1.0077946e+001
  8.9100000e+003  1.2497453e+001  1.7080537e+001  1.0099061e+001
  8.9200000e+003  1.2471091e+001  1.7079148e+001  1.0119965e+001
  8.9300000e+003  1.2431833e+001  1.7077759e+001  1.0140662e+001
  8.9400000e+003  1.2415774e+001  1.7076370e+001  1.0161153e+001
  8.9500000e+003  1.2437677e+001  1.7074981e+001  1.0181440e+001
  8.9600000e+003  1.2485959e+001  1.7073592e+001  1.0201525e+001
  8.9700000e+003  1.2506987e+001  1.7072204e+001  1.0221410e+001
  8.9800000e+003  1.2489980e+001  1.7070815e+001  1.0241097e+001
  8.9900000e+003  1.2450576e+001  1.7069426e+001  1.0260588e+001
  9.0000000e+003  1.2425002e+001  1.7068037e+001  1.0279886e+001
  9.0100000e+003  1.2435714e+001  1.7066648e+001  1.0298991e+001
  9.0200000e+003  1.2474006e+001  1.7065259e+001  1.0317907e+001
  9.0300000e+003  1.2503615e+001  1.7063870e+001  1.0336634e+001
  9.0400000e+003  1.2497319e+001  1.7062481e+001  1.0355175e+001
  9.0500000e+003  1.2460907e+001  1.7061092e+001  1.0373531e+001
  9.0600000e+003  1.2395851e+001  1.7059704e+001  1.0391705e+001
  9.0700000e+003  1.2396545e+001  1.7058315e+001  1.0409698e+001
  9.0800000e+003  1.2430350e+001  1.7056926e+001  1.0427511e+001
  9.0900000e+003  1.2466182e+001  1.7055537e+001  1.0445148e+001
  9.1000000e+003  1.2471099e+001  1.7054148e+001  1.0462609e+001
  9.1100000e+003  1.2384474e+001  1.7052759e+001  1.0479896e+001
  9.1200000e+003  1.2346574e+001  1.7051370e+001  1.0497012e+001
  9.1300000e+003  1.2336142e+001  1.7049981e+001  1.0513957e+001
  9.1400000e+003  1.2362767e+001  1.7048592e+001  1.0530733e+001
  9.1500000e+003  1.2401968e+001  1.7047204e+001  1.0547343e+001
  9.1600000e+003  1.2503237e+001  1.7045815e+001  1.0563787e+001
  9.1700000e+003  1.2481047e+001  1.7044426e+001  1.0580067e+001
  9.1800000e+003  1.2441324e+001  1.7043037e+001  1.0596186e+001
  9.1900000e+003  1.2420596e+001  1.7041648e+001  1.0612144e+001
  9.2000000e+003  1.2437920e+001  1.7040259e+001  1.0627944e+001
  9.2100000e+003  1.2425252e+001  1.7038870e+001  1.0643586e+001
  9.2200000e+003  1.2450552e+001  1.7037481e+001  1.0659072e+001
  9.2300000e+003  1.2438448e+001  1.7036092e+001  1.0674405e+001
  9.2400000e+003  1.2400064e+001  1.7034704e+001  1.0689585e+001
  9.2500000e+003  1.2370691e+001  1.7033315e+001  1.0704614e+001
  9.2600000e+003  1.2439907e+001  1.7031926e+001  1.0719493e+001
  9.2700000e+003  1.2476463e+001  1.7030537e+001  1.0734224e+001
  9.2800000e+003  1.2509319e+001  1.7029148e+001  1.0748809e+001
  9.2900000e+003  1.2508270e+001  1.7027759e+001  1.0763249e+001
  9.3000000e+003  1.2474283e+001  1.7026370e+001  1.0777545e+001
  9.3100000e+003  1.2382732e+001  1.7024981e+001  1.0791698e+001
  9.3200000e+003  1.2378160e+001  1.7023592e+001  1.0805711e+001
  9.3300000e+003  1.2408904e+001  1.7022204e+001  1.0819584e+001
  9.3400000e+003  1.2446693e+001  1.7020815e+001  1.0833320e+001
  9.3500000e+003  1.2456785e+001  1.7019426e+001  1.0846918e+001
  9.3600000e+003  1.2495686e+001  1.7018037e+001  1.0860382e+001
  9.3700000e+003  1.2456548e+001  1.7016648e+001  1.0873711e+001
  9.3800000e+003  1.2441134e+001  1.7015259e+001  1.0886908e+001
  9.3900000e+003  1.2463621e+001  1.7013870e+001  1.0899974e+001
  9.4000000e+003  1.2413548e+001  1.7011742e+001  1.0912909e+001
  9.4100000e+003  1.2399019e+001  1.6998973e+001  1.0925716e+001
  9.4200000e+003  1.2381377e+001  1.6985788e+001  1.0938395e+001
  9.4300000e+003  1.2341889e+001  1.6967782e+001  1.0950948e+001
  9.4400000e+003  1.2316857e+001  1.6954807e+001  1.0963377e+001
  9.4500000e+003  1.2329296e+001  1.6941834e+001  1.0975681e+001
  9.4600000e+003  1.2390222e+001  1.6924941e+001  1.0987863e+001
  9.4700000e+003  1.2419359e+001  1.6882787e+001  1.0999924e+001
  9.4800000e+003  1.2412370e+001  1.6829047e+001  1.1011865e+001
  9.4900000e+003  1.2375682e+001  1.6775059e+001  1.1023687e+001
  9.5000000e+003  1.2343026e+001  1.6728093e+001  1.1035392e+001
  9.5100000e+003  1.2303055e+001  1.6684234e+001  1.1046980e+001
  9.5200000e+003  1.2337220e+001  1.6649767e+001  1.1058453e+001
  9.5300000e+003  1.2372744e+001  1.6634165e+001  1.1069811e+001
  9.5400000e+003  1.2376961e+001  1.6621192e+001  1.1081057e+001
  9.5500000e+003  1.2345996e+001  1.6608219e+001  1.1092191e+001
  9.5600000e+003  1.2334022e+001  1.6582961e+001  1.1103213e+001
  9.5700000e+003  1.2324273e+001  1.6550192e+001  1.1114127e+001
  9.5800000e+003  1.2351415e+001  1.6517716e+001  1.1124931e+001
  9.5900000e+003  1.2390496e+001  1.6489789e+001  1.1135628e+001
  9.6000000e+003  1.2405585e+001  1.6463864e+001  1.1146219e+001
  9.6100000e+003  1.2403809e+001  1.6429052e+001  1.1156704e+001
  9.6200000e+003  1.2364110e+001  1.6373959e+001  1.1167085e+001
  9.6300000e+003  1.2343986e+001  1.6313899e+001  1.1177363e+001
  9.6400000e+003  1.2361939e+001  1.6274475e+001  1.1187538e+001
  9.6500000e+003  1.2401465e+001  1.6234700e+001  1.1197613e+001
  9.6600000e+003  1.2420476e+001  1.6194743e+001  1.1207586e+001
  9.6700000e+003  1.2407704e+001  1.6156921e+001  1.1217461e+001
  9.6800000e+003  1.2369145e+001  1.6123773e+001  1.1227238e+001
  9.6900000e+003  1.2340249e+001  1.6092632e+001  1.1236917e+001
  9.7000000e+003  1.2347584e+001  1.6046181e+001  1.1246500e+001
  9.7100000e+003  1.2326686e+001  1.5997894e+001  1.1255987e+001
  9.7200000e+003  1.2359137e+001  1.5950605e+001  1.1265380e+001
  9.7300000e+003  1.2357386e+001  1.5902015e+001  1.1274680e+001
  9.7400000e+003  1.2323039e+001  1.5849998e+001  1.1283887e+001
  9.7500000e+003  1.2287675e+001  1.5796503e+001  1.1293002e+001
  9.7600000e+003  1.2256464e+001  1.5750917e+001  1.1302027e+001
  9.7700000e+003  1.2287646e+001  1.5723180e+001  1.1310962e+001
  9.7800000e+003  1.2325212e+001  1.5703114e+001  1.1319808e+001
  9.7900000e+003  1.2334622e+001  1.5682965e+001  1.1328566e+001
  9.8000000e+003  1.2307224e+001  1.5647641e+001  1.1337237e+001
  9.8100000e+003  1.2347625e+001  1.5607110e+001  1.1345822e+001
  9.8200000e+003  1.2332867e+001  1.5568768e+001  1.1354321e+001
  9.8300000e+003  1.2355931e+001  1.5538495e+001  1.1362736e+001
  9.8400000e+003  1.2395616e+001  1.5511727e+001  1.1371067e+001
  9.8500000e+003  1.2415436e+001  1.5479447e+001  1.1379315e+001
  9.8600000e+003  1.2347110e+001  1.5433112e+001  1.1387481e+001
  9.8700000e+003  1.2307547e+001  1.5380719e+001  1.1395565e+001
  9.8800000e+003  1.2283065e+001  1.5331709e+001  1.1403570e+001
  9.8900000e+003  1.2296169e+001  1.5293870e+001  1.1411494e+001
  9.9000000e+003  1.2334812e+001  1.5260874e+001  1.1419340e+001
  9.9100000e+003  1.2373254e+001  1.5218602e+001  1.1427108e+001
  9.9200000e+003  1.2365575e+001  1.5168255e+001  1.1434798e+001
  9.9300000e+003  1.2328622e+001  1.5124240e+001  1.1442412e+001
  9.9400000e+003  1.2296372e+001  1.5083421e+001  1.1449950e+001
  9.9500000e+003  1.2298474e+001  1.5041870e+001  1.1457413e+001
  9.9600000e+003  1.2315601e+001  1.4998430e+001  1.1464802e+001
  9.9700000e+003  1.2350803e+001  1.4951981e+001  1.1472117e+001
  9.9800000e+003  1.2354321e+001  1.4893951e+001  1.1479360e+001
  9.9900000e+003  1.2322919e+001  1.4830886e+001  1.1486530e+001
  1.0000000e+004  1.2285469e+001  1.4773011e+001  1.1493630e+001
  1.0010000e+004  1.2286762e+001  1.4729500e+001  1.1500658e+001
  1.0020000e+004  1.2314414e+001  1.4692192e+001  1.1507617e+001
  1.0030000e+004  1.2353362e+001  1.4664308e+001  1.1514506e+001
  1.0040000e+004  1.2367798e+001  1.4651090e+001  1.1521327e+001
  1.0050000e+004  1.2344449e+001  1.4638117e+001  1.1528080e+001
  1.0060000e+004  1.2346152e+001  1.4624826e+001  1.1534765e+001
  1.0070000e+004  1.2326639e+001  1.4594330e+001  1.1541385e+001
  1.0080000e+004  1.2345218e+001  1.4555460e+001  1.1547938e+001
  1.0090000e+004  1.2384809e+001  1.4516645e+001  1.1554426e+001
  1.0100000e+004  1.2409012e+001  1.4483224e+001  1.1560850e+001
  1.0110000e+004  1.2343706e+001  1.4452185e+001  1.1567209e+001
  1.0120000e+004  1.2304980e+001  1.4428732e+001  1.1573506e+001
  1.0130000e+004  1.2276572e+001  1.4415725e+001  1.1579739e+001
  1.0140000e+004  1.2284597e+001  1.4402752e+001  1.1585911e+001
  1.0150000e+004  1.2321677e+001  1.4389779e+001  1.1592021e+001
  1.0160000e+004  1.2388830e+001  1.4362356e+001  1.1598071e+001
  1.0170000e+004  1.2386379e+001  1.4326487e+001  1.1604060e+001
  1.0180000e+004  1.2351684e+001  1.4287635e+001  1.1609990e+001
  1.0190000e+004  1.2316646e+001  1.4247287e+001  1.1615860e+001
  1.0200000e+004  1.2313478e+001  1.4206360e+001  1.1621673e+001
  1.0210000e+004  1.2377770e+001  1.4168656e+001  1.1627427e+001
  1.0220000e+004  1.2415104e+001  1.4138214e+001  1.1633124e+001
  1.0230000e+004  1.2423829e+001  1.4110891e+001  1.1638765e+001
  1.0240000e+004  1.2395926e+001  1.4075319e+001  1.1644349e+001
  1.0250000e+004  1.2357049e+001  1.4020103e+001  1.1649878e+001
  1.0260000e+004  1.2323766e+001  1.3958729e+001  1.1655352e+001
  1.0270000e+004  1.2347397e+001  1.3918941e+001  1.1660771e+001
  1.0280000e+004  1.2387042e+001  1.3887768e+001  1.1666137e+001
  1.0290000e+004  1.2406250e+001  1.3866904e+001  1.1671449e+001
  1.0300000e+004  1.2387361e+001  1.3853357e+001  1.1676708e+001
  1.0310000e+004  1.2343573e+001  1.3840384e+001  1.1681915e+001
  1.0320000e+004  1.2319648e+001  1.3827411e+001  1.1687070e+001
  1.0330000e+004  1.2333415e+001  1.3814304e+001  1.1692173e+001
  1.0340000e+004  1.2372215e+001  1.3787455e+001  1.1697226e+001
  1.0350000e+004  1.2400376e+001  1.3755613e+001  1.1702229e+001
  1.0360000e+004  1.2330374e+001  1.3719942e+001  1.1707182e+001
  1.0370000e+004  1.2293165e+001  1.3679066e+001  1.1712086e+001
  1.0380000e+004  1.2261330e+001  1.3635993e+001  1.1716940e+001
  1.0390000e+004  1.2264134e+001  1.3596990e+001  1.1721747e+001
  1.0400000e+004  1.2298999e+001  1.3568104e+001  1.1726506e+001
  1.0410000e+004  1.2373639e+001  1.3543577e+001  1.1731217e+001
  1.0420000e+004  1.2376458e+001  1.3519362e+001  1.1735882e+001
  1.0430000e+004  1.2344631e+001  1.3492970e+001  1.1740500e+001
  1.0440000e+004  1.2307422e+001  1.3465610e+001  1.1745072e+001
  1.0450000e+004  1.2299040e+001  1.3442503e+001  1.1749598e+001
  1.0460000e+004  1.2300365e+001  1.3429400e+001  1.1754080e+001
  1.0470000e+004  1.2339166e+001  1.3416426e+001  1.1758517e+001
  1.0480000e+004  1.2352945e+001  1.3391489e+001  1.1762910e+001
  1.0490000e+004  1.2329031e+001  1.3339576e+001  1.1767259e+001
  1.0500000e+004  1.2289411e+001  1.3295298e+001  1.1771565e+001
  1.0510000e+004  1.2349476e+001  1.3248041e+001  1.1775828e+001
  1.0520000e+004  1.2368678e+001  1.3200067e+001  1.1780048e+001
  1.0530000e+004  1.2408322e+001  1.3151857e+001  1.1784227e+001
  1.0540000e+004  1.2431965e+001  1.3109502e+001  1.1788364e+001
  1.0550000e+004  1.2417869e+001  1.3082937e+001  1.1792460e+001
  1.0560000e+004  1.2368974e+001  1.3069908e+001  1.1796515e+001
  1.0570000e+004  1.2341062e+001  1.3046963e+001  1.1800530e+001
  1.0580000e+004  1.2349774e+001  1.2993977e+001  1.1804504e+001
  1.0590000e+004  1.2387101e+001  1.2950801e+001  1.1808440e+001
  1.0600000e+004  1.2418724e+001  1.2909635e+001  1.1812336e+001
  1.0610000e+004  1.2353855e+001  1.2876345e+001  1.1816193e+001
  1.0620000e+004  1.2318818e+001  1.2857167e+001  1.1820012e+001
  1.0630000e+004  1.2284117e+001  1.2844181e+001  1.1823793e+001
  1.0640000e+004  1.2281651e+001  1.2825234e+001  1.1827536e+001
  1.0650000e+004  1.2313688e+001  1.2799515e+001  1.1831242e+001
  1.0660000e+004  1.2382836e+001  1.2768328e+001  1.1834911e+001
  1.0670000e+004  1.2390876e+001  1.2726939e+001  1.1838544e+001
  1.0680000e+004  1.2362476e+001  1.2681194e+001  1.1842141e+001
  1.0690000e+004  1.2323750e+001  1.2638583e+001  1.1845701e+001
  1.0700000e+004  1.2310303e+001  1.2605505e+001  1.1849227e+001
  1.0710000e+004  1.2306953e+001  1.2576553e+001  1.1852717e+001
  1.0720000e+004  1.2346543e+001  1.2540157e+001  1.1856173e+001
  1.0730000e+004  1.2365132e+001  1.2485176e+001  1.1859594e+001
  1.0740000e+004  1.2345628e+001  1.2422188e+001  1.1862981e+001
  1.0750000e+004  1.2305963e+001  1.2356874e+001  1.1866334e+001
  1.0760000e+004  1.2317565e+001  1.2291814e+001  1.1869654e+001
  1.0770000e+004  1.2331991e+001  1.2226930e+001  1.1872941e+001
  1.0780000e+004  1.2370937e+001  1.2175935e+001  1.1876196e+001
  1.0790000e+004  1.2398598e+001  1.2155278e+001  1.1879417e+001
  1.0800000e+004  1.2389542e+001  1.2142301e+001  1.1882607e+001
  1.0810000e+004  1.2374742e+001  1.2120591e+001  1.1885765e+001
  1.0820000e+004  1.2343335e+001  1.2065661e+001  1.1888892e+001
  1.0830000e+004  1.2346840e+001  1.2023277e+001  1.1891988e+001
  1.0840000e+004  1.2382037e+001  1.1977898e+001  1.1895052e+001
  1.0850000e+004  1.2416565e+001  1.1928768e+001  1.1898087e+001
  1.0860000e+004  1.2417063e+001  1.1878100e+001  1.1901091e+001
  1.0870000e+004  1.2384820e+001  1.1822209e+001  1.1904065e+001
  1.0880000e+004  1.2347863e+001  1.1770545e+001  1.1907010e+001
  1.0890000e+004  1.2340171e+001  1.1728048e+001  1.1909925e+001
  1.0900000e+004  1.2368815e+001  1.1686605e+001  1.1912811e+001
  1.0910000e+004  1.2315226e+001  1.1649095e+001  1.1915669e+001
  1.0920000e+004  1.2328336e+001  1.1613294e+001  1.1918498e+001
  1.0930000e+004  1.2303864e+001  1.1575448e+001  1.1921299e+001
  1.0940000e+004  1.2264303e+001  1.1532117e+001  1.1924072e+001
  1.0950000e+004  1.2246025e+001  1.1486421e+001  1.1926818e+001
  1.0960000e+004  1.2323566e+001  1.1440974e+001  1.1929536e+001
  1.0970000e+004  1.2363254e+001  1.1397606e+001  1.1932227e+001
  1.0980000e+004  1.2386327e+001  1.1355149e+001  1.1934891e+001
  1.0990000e+004  1.2371576e+001  1.1315952e+001  1.1937529e+001
  1.1000000e+004  1.2332563e+001  1.1283122e+001  1.1940141e+001
  1.1010000e+004  1.2315203e+001  1.1239175e+001  1.1942726e+001
  1.1020000e+004  1.2324601e+001  1.1186715e+001  1.1945286e+001
  1.1030000e+004  1.2362163e+001  1.1125138e+001  1.1947821e+001
  1.1040000e+004  1.2393355e+001  1.1066772e+001  1.1950330e+001
  1.1050000e+004  1.2389499e+001  1.1028355e+001  1.1952814e+001
  1.1060000e+004  1.2311567e+001  1.0994102e+001  1.1955274e+001
  1.1070000e+004  1.2277211e+001  1.0961642e+001  1.1957709e+001
  1.1080000e+004  1.2275447e+001  1.0929564e+001  1.1960120e+001
  1.1090000e+004  1.2307895e+001  1.0897132e+001  1.1962507e+001
  1.1100000e+004  1.2344721e+001  1.0864534e+001  1.1964870e+001
  1.1110000e+004  1.2405239e+001  1.0827120e+001  1.1967209e+001
  1.1120000e+004  1.2376356e+001  1.0779534e+001  1.1969526e+001
  1.1130000e+004  1.2337794e+001  1.0727585e+001  1.1971819e+001
  1.1140000e+004  1.2325010e+001  1.0681173e+001  1.1974089e+001
  1.1150000e+004  1.2349758e+001  1.0642044e+001  1.1976337e+001
  1.1160000e+004  1.2360094e+001  1.0600333e+001  1.1978563e+001
  1.1170000e+004  1.2378057e+001  1.0563984e+001  1.1980766e+001
  1.1180000e+004  1.2357943e+001  1.0532156e+001  1.1982947e+001
  1.1190000e+004  1.2318243e+001  1.0482916e+001  1.1985107e+001
  1.1200000e+004  1.2295457e+001  1.0432581e+001  1.1987245e+001
  1.1210000e+004  1.2310696e+001  1.0373097e+001  1.1989362e+001
  1.1220000e+004  1.2349775e+001  1.0330457e+001  1.1991458e+001
  1.1230000e+004  1.2376926e+001  1.0291643e+001  1.1993533e+001
  1.1240000e+004  1.2367188e+001  1.0249601e+001  1.1995588e+001
  1.1250000e+004  1.2329513e+001  1.0208356e+001  1.1997621e+001
  1.1260000e+004  1.2262050e+001  1.0164096e+001  1.1999635e+001
  1.1270000e+004  1.2266253e+001  1.0108875e+001  1.2001629e+001
  1.1280000e+004  1.2301771e+001  1.0048893e+001  1.2003603e+001
  1.1290000e+004  1.2335946e+001  9.9856342e+000  1.2005557e+001
  1.1300000e+004  1.2337358e+001  9.9422447e+000  1.2007492e+001
  1.1310000e+004  1.2379491e+001  9.9007020e+000  1.2009407e+001
  1.1320000e+004  1.2342803e+001  9.8600048e+000  1.2011304e+001
  1.1330000e+004  1.2335802e+001  9.8217455e+000  1.2013181e+001
  1.1340000e+004  1.2364929e+001  9.7845402e+000  1.2015040e+001
  1.1350000e+004  1.2403405e+001  9.7484351e+000  1.2016880e+001
  1.1360000e+004  1.2355312e+001  9.7139915e+000  1.2018702e+001
  1.1370000e+004  1.2330285e+001  9.6802519e+000  1.2020506e+001
  1.1380000e+004  1.2290796e+001  9.6458726e+000  1.2022292e+001
  1.1390000e+004  1.2273145e+001  9.6096680e+000  1.2024061e+001
  1.1400000e+004  1.2293562e+001  9.5726746e+000  1.2025811e+001
  1.1410000e+004  1.2393888e+001  9.5321115e+000  1.2027544e+001
  1.1420000e+004  1.2416389e+001  9.4844412e+000  1.2029260e+001
  1.1430000e+004  1.2400987e+001  9.4337282e+000  1.2030959e+001
  1.1440000e+004  1.2361846e+001  9.3862323e+000  1.2032641e+001
  1.1450000e+004  1.2334953e+001  9.3475884e+000  1.2034306e+001
  1.1460000e+004  1.2346033e+001  9.3127674e+000  1.2035955e+001
  1.1470000e+004  1.2383819e+001  9.2764339e+000  1.2037587e+001
  1.1480000e+004  1.2414570e+001  9.2343785e+000  1.2039203e+001
  1.1490000e+004  1.2410015e+001  9.1898366e+000  1.2040803e+001
  1.1500000e+004  1.2374342e+001  9.1472664e+000  1.2042387e+001
  1.1510000e+004  1.2259084e+001  9.1105274e+000  1.2043956e+001
  1.1520000e+004  1.2258018e+001  9.0763107e+000  1.2045508e+001
  1.1530000e+004  1.2290866e+001  9.0402136e+000  1.2047046e+001
  1.1540000e+004  1.2327422e+001  8.9984573e+000  1.2048568e+001
  1.1550000e+004  1.2334077e+001  8.9542521e+000  1.2050074e+001
  1.1560000e+004  1.2328989e+001  8.9121891e+000  1.2051566e+001
  1.1570000e+004  1.2290604e+001  8.8762965e+000  1.2053043e+001
  1.1580000e+004  1.2278488e+001  8.8430714e+000  1.2054505e+001
  1.1590000e+004  1.2303782e+001  8.8063286e+000  1.2055953e+001
  1.1600000e+004  1.2343232e+001  8.7603358e+000  1.2057386e+001
  1.1610000e+004  1.2326227e+001  8.7103526e+000  1.2058805e+001
  1.1620000e+004  1.2305508e+001  8.6612588e+000  1.2060210e+001
  1.1630000e+004  1.2265786e+001  8.6166658e+000  1.2061601e+001
  1.1640000e+004  1.2243579e+001  8.5740369e+000  1.2062978e+001
  1.1650000e+004  1.2259305e+001  8.5288249e+000  1.2064342e+001
  1.1660000e+004  1.2312363e+001  8.4768174e+000  1.2065691e+001
  1.1670000e+004  1.2338997e+001  8.4218782e+000  1.2067028e+001
  1.1680000e+004  1.2328578e+001  8.3688490e+000  1.2068351e+001
  1.1690000e+004  1.2290685e+001  8.3218092e+000  1.2069661e+001
  1.1700000e+004  1.2260158e+001  8.2773634e+000  1.2070958e+001
  1.1710000e+004  1.2281733e+001  8.2388328e+000  1.2072242e+001
  1.1720000e+004  1.2317561e+001  8.1961805e+000  1.2073513e+001
  1.1730000e+004  1.2351372e+001  8.1586539e+000  1.2074772e+001
  1.1740000e+004  1.2352081e+001  8.1226947e+000  1.2076018e+001
  1.1750000e+004  1.2319036e+001  8.0849713e+000  1.2077251e+001
  1.1760000e+004  1.2292162e+001  8.0464260e+000  1.2078473e+001
  1.1770000e+004  1.2285854e+001  8.0102498e+000  1.2079682e+001
  1.1780000e+004  1.2315455e+001  7.9691127e+000  1.2080879e+001
  1.1790000e+004  1.2353750e+001  7.9213855e+000  1.2082064e+001
  1.1800000e+004  1.2365531e+001  7.8796171e+000  1.2083238e+001
  1.1810000e+004  1.2411946e+001  7.8478594e+000  1.2084400e+001
  1.1820000e+004  1.2372545e+001  7.8203620e+000  1.2085550e+001
  1.1830000e+004  1.2355527e+001  7.7929606e+000  1.2086689e+001
  1.1840000e+004  1.2376544e+001  7.7629871e+000  1.2087816e+001
  1.1850000e+004  1.2416272e+001  7.7318750e+000  1.2088932e+001
  1.1860000e+004  1.2343605e+001  7.7049349e+000  1.2090037e+001
  1.1870000e+004  1.2327550e+001  7.6896170e+000  1.2091132e+001
  1.1880000e+004  1.2288295e+001  7.6766436e+000  1.2092215e+001
  1.1890000e+004  1.2261923e+001  7.6636703e+000  1.2093287e+001
  1.1900000e+004  1.2272681e+001  7.6506970e+000  1.2094349e+001
  1.1910000e+004  1.2362729e+001  7.6377237e+000  1.2095400e+001
  1.1920000e+004  1.2393034e+001  7.6247505e+000  1.2096441e+001
  1.1930000e+004  1.2387781e+001  7.5997860e+000  1.2097472e+001
  1.1940000e+004  1.2351803e+001  7.5657564e+000  1.2098492e+001
  1.1950000e+004  1.2318179e+001  7.5269334e+000  1.2099502e+001
  1.1960000e+004  1.2336433e+001  7.4826115e+000  1.2100502e+001
  1.1970000e+004  1.2369673e+001  7.4359908e+000  1.2101492e+001
  1.1980000e+004  1.2405948e+001  7.3900731e+000  1.2102472e+001
  1.1990000e+004  1.2411909e+001  7.3471548e+000  1.2103442e+001
  1.2000000e+004  1.2382075e+001  7.3055422e+000  1.2104403e+001
  1.2010000e+004  1.2306551e+001  7.2674397e+000  1.2105354e+001
  1.2020000e+004  1.2295104e+001  7.2359800e+000  1.2106296e+001
  1.2030000e+004  1.2320937e+001  7.2073594e+000  1.2107228e+001
  1.2040000e+004  1.2360296e+001  7.1803784e+000  1.2108152e+001
  1.2050000e+004  1.2376995e+001  7.1550475e+000  1.2109065e+001
  1.2060000e+004  1.2355094e+001  7.1304010e+000  1.2109970e+001
  1.2070000e+004  1.2315363e+001  7.0976286e+000  1.2110866e+001
  1.2080000e+004  1.2293743e+001  7.0470607e+000  1.2111753e+001
  1.2090000e+004  1.2310112e+001  6.9888525e+000  1.2112631e+001
  1.2100000e+004  1.2349420e+001  6.9318453e+000  1.2113500e+001
  1.2110000e+004  1.2353335e+001  6.8823831e+000  1.2114361e+001
  1.2120000e+004  1.2342237e+001  6.8362212e+000  1.2115213e+001
  1.2130000e+004  1.2304139e+001  6.7847325e+000  1.2116057e+001
  1.2140000e+004  1.2274066e+001  6.7332728e+000  1.2116892e+001
  1.2150000e+004  1.2279667e+001  6.6917341e+000  1.2117719e+001
  1.2160000e+004  1.2374130e+001  6.6513832e+000  1.2118538e+001
  1.2170000e+004  1.2407570e+001  6.6157601e+000  1.2119348e+001
  1.2180000e+004  1.2407576e+001  6.5821934e+000  1.2120151e+001
  1.2190000e+004  1.2374146e+001  6.5473768e+000  1.2120945e+001
  1.2200000e+004  1.2338015e+001  6.5085507e+000  1.2121732e+001
  1.2210000e+004  1.2245331e+001  6.4679875e+000  1.2122511e+001
  1.2220000e+004  1.2275390e+001  6.4284186e+000  1.2123282e+001
  1.2230000e+004  1.2313491e+001  6.4060377e+000  1.2124045e+001
  1.2240000e+004  1.2324598e+001  6.3930568e+000  1.2124801e+001
  1.2250000e+004  1.2298500e+001  6.3800835e+000  1.2125549e+001
  1.2260000e+004  1.2359117e+001  6.3661952e+000  1.2126290e+001
  1.2270000e+004  1.2342745e+001  6.3409169e+000  1.2127023e+001
  1.2280000e+004  1.2364355e+001  6.3070230e+000  1.2127749e+001
  1.2290000e+004  1.2404086e+001  6.2580504e+000  1.2128468e+001
  1.2300000e+004  1.2425410e+001  6.2026476e+000  1.2129180e+001
  1.2310000e+004  1.2407610e+001  6.1478054e+000  1.2129885e+001
  1.2320000e+004  1.2368253e+001  6.1050856e+000  1.2130582e+001
  1.2330000e+004  1.2342411e+001  6.0598176e+000  1.2131273e+001
  1.2340000e+004  1.2353845e+001  6.0183779e+000  1.2131957e+001
  1.2350000e+004  1.2392041e+001  5.9930819e+000  1.2132634e+001
  1.2360000e+004  1.2406572e+001  5.9800765e+000  1.2133304e+001
  1.2370000e+004  1.2400621e+001  5.9671032e+000  1.2133968e+001
  1.2380000e+004  1.2364351e+001  5.9419132e+000  1.2134625e+001
  1.2390000e+004  1.2331106e+001  5.9088719e+000  1.2135275e+001
  1.2400000e+004  1.2331452e+001  5.8634362e+000  1.2135920e+001
  1.2410000e+004  1.2293171e+001  5.8154810e+000  1.2136557e+001
  1.2420000e+004  1.2329149e+001  5.7701871e+000  1.2137188e+001
  1.2430000e+004  1.2334413e+001  5.7284504e+000  1.2137813e+001
  1.2440000e+004  1.2304119e+001  5.6872942e+000  1.2138432e+001
  1.2450000e+004  1.2266119e+001  5.6438491e+000  1.2139045e+001
  1.2460000e+004  1.2300508e+001  5.6077567e+000  1.2139651e+001
  1.2470000e+004  1.2326874e+001  5.5818984e+000  1.2140252e+001
  1.2480000e+004  1.2366131e+001  5.5603611e+000  1.2140846e+001
  1.2490000e+004  1.2382190e+001  5.5449615e+000  1.2141435e+001
  1.2500000e+004  1.2360285e+001  5.5319881e+000  1.2142018e+001
  1.2510000e+004  1.2270417e+001  5.5190148e+000  1.2142595e+001
  1.2520000e+004  1.2249388e+001  5.5060415e+000  1.2143165e+001
  1.2530000e+004  1.2266395e+001  5.4865984e+000  1.2143731e+001
  1.2540000e+004  1.2305799e+001  5.4572518e+000  1.2144291e+001
  1.2550000e+004  1.2331373e+001  5.4232781e+000  1.2144845e+001
  1.2560000e+004  1.2417707e+001  5.3834100e+000  1.2145394e+001
  1.2570000e+004  1.2379422e+001  5.3410638e+000  1.2145937e+001
  1.2580000e+004  1.2349814e+001  5.2986453e+000  1.2146475e+001
  1.2590000e+004  1.2356110e+001  5.2576872e+000  1.2147008e+001
  1.2600000e+004  1.2392523e+001  5.2173762e+000  1.2147535e+001
  1.2610000e+004  1.2321764e+001  5.1774328e+000  1.2148057e+001
  1.2620000e+004  1.2321059e+001  5.1378523e+000  1.2148574e+001
  1.2630000e+004  1.2287254e+001  5.0984222e+000  1.2149085e+001
  1.2640000e+004  1.2251422e+001  5.0574833e+000  1.2149592e+001
  1.2650000e+004  1.2246507e+001  5.0132253e+000  1.2150094e+001
  1.2660000e+004  1.2354828e+001  4.9675421e+000  1.2150590e+001
  1.2670000e+004  1.2392730e+001  4.9166332e+000  1.2151082e+001
  1.2680000e+004  1.2403160e+001  4.8554958e+000  1.2151569e+001
  1.2690000e+004  1.2376535e+001  4.8047769e+000  1.2152050e+001
  1.2700000e+004  1.2337333e+001  4.7641487e+000  1.2152528e+001
  1.2710000e+004  1.2331955e+001  4.7205339e+000  1.2153000e+001
  1.2720000e+004  1.2354152e+001  4.6756582e+000  1.2153468e+001
  1.2730000e+004  1.2393875e+001  4.6345248e+000  1.2153931e+001
  1.2740000e+004  1.2414601e+001  4.6097267e+000  1.2154389e+001
  1.2750000e+004  1.2397277e+001  4.5967280e+000  1.2154843e+001
  1.2760000e+004  1.2337211e+001  4.5769547e+000  1.2155292e+001
  1.2770000e+004  1.2311906e+001  4.5282686e+000  1.2155737e+001
  1.2780000e+004  1.2324011e+001  4.4668684e+000  1.2156177e+001
  1.2790000e+004  1.2362395e+001  4.4104852e+000  1.2156613e+001
  1.2800000e+004  1.2391768e+001  4.3731025e+000  1.2157045e+001
  1.2810000e+004  1.2387437e+001  4.3439768e+000  1.2157473e+001
  1.2820000e+004  1.2350885e+001  4.3089405e+000  1.2157896e+001
  1.2830000e+004  1.2318030e+001  4.2559001e+000  1.2158315e+001
  1.2840000e+004  1.2319079e+001  4.1950673e+000  1.2158729e+001
  1.2850000e+004  1.2353068e+001  4.1403266e+000  1.2159140e+001
  1.2860000e+004  1.2423233e+001  4.1036738e+000  1.2159547e+001
  1.2870000e+004  1.2427802e+001  4.0748456e+000  1.2159949e+001
  1.2880000e+004  1.2397057e+001  4.0348600e+000  1.2160348e+001
  1.2890000e+004  1.2359269e+001  3.9868865e+000  1.2160742e+001
  1.2900000e+004  1.2349178e+001  3.9392578e+000  1.2161133e+001
  1.2910000e+004  1.2333020e+001  3.8900129e+000  1.2161520e+001
  1.2920000e+004  1.2372159e+001  3.8420178e+000  1.2161902e+001
  1.2930000e+004  1.2387572e+001  3.7946188e+000  1.2162282e+001
  1.2940000e+004  1.2365084e+001  3.7533806e+000  1.2162657e+001
  1.2950000e+004  1.2325371e+001  3.7166525e+000  1.2163028e+001
  1.2960000e+004  1.2336720e+001  3.7030890e+000  1.2163396e+001
  1.2970000e+004  1.2354362e+001  3.6901157e+000  1.2163760e+001
  1.2980000e+004  1.2393851e+001  3.6771424e+000  1.2164121e+001
  1.2990000e+004  1.2418882e+001  3.6641692e+000  1.2164478e+001
  1.3000000e+004  1.2406442e+001  3.6511959e+000  1.2164832e+001
  1.3010000e+004  1.2355810e+001  3.6382226e+000  1.2165181e+001
  1.3020000e+004  1.2326674e+001  3.6252493e+000  1.2165528e+001
  1.3030000e+004  1.2333665e+001  3.6122760e+000  1.2165871e+001
  1.3040000e+004  1.2370353e+001  3.5993027e+000  1.2166210e+001
  1.3050000e+004  1.2403009e+001  3.5863294e+000  1.2166547e+001
  1.3060000e+004  1.2419826e+001  3.5733562e+000  1.2166880e+001
  1.3070000e+004  1.2385658e+001  3.5603829e+000  1.2167209e+001
  1.3080000e+004  1.2350135e+001  3.5474096e+000  1.2167535e+001
  1.3090000e+004  1.2345918e+001  3.5344363e+000  1.2167858e+001
  1.3100000e+004  1.2376884e+001  3.5214630e+000  1.2168178e+001
  1.3110000e+004  1.2369885e+001  3.5084897e+000  1.2168495e+001
  1.3120000e+004  1.2379632e+001  3.4955165e+000  1.2168808e+001
